1 1730470270 0.000000 1 0.000000 0.000000 0.000000
2 1730470270 0.000000 1 0.000000 0.000000 0.000000
3 1730470270 0.000000 1 0.000000 0.000000 0.000000
4 1730470270 0.000000 1 0.000000 0.000000 0.000000
1 1730470271 2.000000 1 2.000000 2.000000 2.000000
2 1730470271 0.000000 1 0.000000 0.000000 0.000000
3 1730470271 0.000000 1 0.000000 0.000000 0.000000
4 1730470271 0.000000 1 0.000000 0.000000 0.000000
1 1730470272 3.000000 1 3.000000 3.000000 3.000000
2 1730470272 0.000000 1 0.000000 0.000000 0.000000
3 1730470272 0.000000 1 0.000000 0.000000 0.000000
4 1730470272 0.000000 1 0.000000 0.000000 0.000000
1 1730470273 4.000000 1 4.000000 4.000000 4.000000
2 1730470273 0.000000 1 0.000000 0.000000 0.000000
3 1730470273 0.000000 1 0.000000 0.000000 0.000000
4 1730470273 0.000000 1 0.000000 0.000000 0.000000
1 1730470274 5.000000 1 5.000000 5.000000 5.000000
2 1730470274 0.000000 1 0.000000 0.000000 0.000000
3 1730470274 0.000000 1 0.000000 0.000000 0.000000
4 1730470274 0.000000 1 0.000000 0.000000 0.000000
1 1730470275 6.000000 1 6.000000 6.000000 6.000000
2 1730470275 0.000000 1 0.000000 0.000000 0.000000
3 1730470275 0.000000 1 0.000000 0.000000 0.000000
4 1730470275 0.000000 1 0.000000 0.000000 0.000000
1 1730470276 7.000000 1 7.000000 7.000000 7.000000
2 1730470276 0.000000 1 0.000000 0.000000 0.000000
3 1730470276 0.000000 1 0.000000 0.000000 0.000000
4 1730470276 0.000000 1 0.000000 0.000000 0.000000
1 1730470278 8.000000 1 8.000000 8.000000 8.000000
2 1730470278 0.000000 1 0.000000 0.000000 0.000000
3 1730470278 0.000000 1 0.000000 0.000000 0.000000
4 1730470278 0.000000 1 0.000000 0.000000 0.000000
1 1730470279 9.000000 1 9.000000 9.000000 9.000000
2 1730470279 0.000000 1 0.000000 0.000000 0.000000
3 1730470279 0.000000 1 0.000000 0.000000 0.000000
4 1730470279 0.000000 1 0.000000 0.000000 0.000000
1 1730470280 10.000000 1 10.000000 10.000000 10.000000
2 1730470280 0.000000 1 0.000000 0.000000 0.000000
3 1730470280 0.000000 1 0.000000 0.000000 0.000000
4 1730470280 0.000000 1 0.000000 0.000000 0.000000
1 1730470281 10.000000 1 10.000000 10.000000 10.000000
2 1730470281 0.000000 1 0.000000 0.000000 0.000000
3 1730470281 0.000000 1 0.000000 0.000000 0.000000
4 1730470281 0.000000 1 0.000000 0.000000 0.000000
1 1730470282 10.000000 1 10.000000 10.000000 10.000000
2 1730470282 0.000000 1 0.000000 0.000000 0.000000
3 1730470282 0.000000 1 0.000000 0.000000 0.000000
4 1730470282 0.000000 1 0.000000 0.000000 0.000000
1 1730470283 10.000000 1 10.000000 10.000000 10.000000
2 1730470283 0.000000 1 0.000000 0.000000 0.000000
3 1730470283 0.000000 1 0.000000 0.000000 0.000000
4 1730470283 0.000000 1 0.000000 0.000000 0.000000
1 1730470284 10.000000 1 10.000000 10.000000 10.000000
2 1730470284 0.000000 1 0.000000 0.000000 0.000000
3 1730470284 0.000000 1 0.000000 0.000000 0.000000
4 1730470284 0.000000 1 0.000000 0.000000 0.000000
1 1730470285 10.000000 1 10.000000 10.000000 10.000000
2 1730470285 0.000000 1 0.000000 0.000000 0.000000
3 1730470285 0.000000 1 0.000000 0.000000 0.000000
4 1730470285 0.000000 1 0.000000 0.000000 0.000000
1 1730470286 10.000000 1 10.000000 10.000000 10.000000
2 1730470286 0.000000 1 0.000000 0.000000 0.000000
3 1730470286 0.000000 1 0.000000 0.000000 0.000000
4 1730470286 0.000000 1 0.000000 0.000000 0.000000
1 1730470287 10.000000 1 10.000000 10.000000 10.000000
2 1730470287 0.000000 1 0.000000 0.000000 0.000000
3 1730470287 0.000000 1 0.000000 0.000000 0.000000
4 1730470287 0.000000 1 0.000000 0.000000 0.000000
1 1730470288 10.000000 1 10.000000 10.000000 10.000000
2 1730470288 0.000000 1 0.000000 0.000000 0.000000
3 1730470288 0.000000 1 0.000000 0.000000 0.000000
4 1730470288 0.000000 1 0.000000 0.000000 0.000000
1 1730470289 10.000000 1 10.000000 10.000000 10.000000
2 1730470289 0.000000 1 0.000000 0.000000 0.000000
3 1730470289 0.000000 1 0.000000 0.000000 0.000000
4 1730470289 0.000000 1 0.000000 0.000000 0.000000
1 1730470290 10.000000 1 10.000000 10.000000 10.000000
2 1730470290 0.000000 1 0.000000 0.000000 0.000000
3 1730470290 0.000000 1 0.000000 0.000000 0.000000
4 1730470290 0.000000 1 0.000000 0.000000 0.000000
1 1730470291 10.000000 1 10.000000 10.000000 10.000000
2 1730470291 0.000000 1 0.000000 0.000000 0.000000
3 1730470291 0.000000 1 0.000000 0.000000 0.000000
4 1730470291 0.000000 1 0.000000 0.000000 0.000000
1 1730470292 10.000000 1 10.000000 10.000000 10.000000
2 1730470292 0.000000 1 0.000000 0.000000 0.000000
3 1730470292 0.000000 1 0.000000 0.000000 0.000000
4 1730470292 0.000000 1 0.000000 0.000000 0.000000
1 1730470293 10.000000 1 10.000000 10.000000 10.000000
2 1730470293 0.000000 1 0.000000 0.000000 0.000000
3 1730470293 0.000000 1 0.000000 0.000000 0.000000
4 1730470293 0.000000 1 0.000000 0.000000 0.000000
1 1730470294 10.000000 1 10.000000 10.000000 10.000000
2 1730470294 0.000000 1 0.000000 0.000000 0.000000
3 1730470294 0.000000 1 0.000000 0.000000 0.000000
4 1730470294 0.000000 1 0.000000 0.000000 0.000000
1 1730470295 10.000000 1 10.000000 10.000000 10.000000
2 1730470295 0.000000 1 0.000000 0.000000 0.000000
3 1730470295 0.000000 1 0.000000 0.000000 0.000000
4 1730470295 0.000000 1 0.000000 0.000000 0.000000
1 1730470296 10.000000 1 10.000000 10.000000 10.000000
2 1730470296 0.000000 1 0.000000 0.000000 0.000000
3 1730470296 0.000000 1 0.000000 0.000000 0.000000
4 1730470296 0.000000 1 0.000000 0.000000 0.000000
1 1730470297 10.000000 1 10.000000 10.000000 10.000000
2 1730470297 0.000000 1 0.000000 0.000000 0.000000
3 1730470297 0.000000 1 0.000000 0.000000 0.000000
4 1730470297 0.000000 1 0.000000 0.000000 0.000000
1 1730470298 10.000000 1 10.000000 10.000000 10.000000
2 1730470298 0.000000 1 0.000000 0.000000 0.000000
3 1730470298 0.000000 1 0.000000 0.000000 0.000000
4 1730470298 0.000000 1 0.000000 0.000000 0.000000
1 1730470299 10.000000 1 10.000000 10.000000 10.000000
2 1730470299 0.000000 1 0.000000 0.000000 0.000000
3 1730470299 0.000000 1 0.000000 0.000000 0.000000
4 1730470299 0.000000 1 0.000000 0.000000 0.000000
1 1730470300 10.000000 1 10.000000 10.000000 10.000000
2 1730470300 0.000000 1 0.000000 0.000000 0.000000
3 1730470300 0.000000 1 0.000000 0.000000 0.000000
4 1730470300 0.000000 1 0.000000 0.000000 0.000000
1 1730470301 10.000000 1 10.000000 10.000000 10.000000
2 1730470301 0.000000 1 0.000000 0.000000 0.000000
3 1730470301 0.000000 1 0.000000 0.000000 0.000000
4 1730470301 0.000000 1 0.000000 0.000000 0.000000
1 1730470302 10.000000 1 10.000000 10.000000 10.000000
2 1730470302 0.000000 1 0.000000 0.000000 0.000000
3 1730470302 0.000000 1 0.000000 0.000000 0.000000
4 1730470302 0.000000 1 0.000000 0.000000 0.000000
1 1730470303 10.000000 1 10.000000 10.000000 10.000000
2 1730470303 0.000000 1 0.000000 0.000000 0.000000
3 1730470303 0.000000 1 0.000000 0.000000 0.000000
4 1730470303 0.000000 1 0.000000 0.000000 0.000000
1 1730470304 10.000000 1 10.000000 10.000000 10.000000
2 1730470304 0.000000 1 0.000000 0.000000 0.000000
3 1730470304 0.000000 1 0.000000 0.000000 0.000000
4 1730470304 0.000000 1 0.000000 0.000000 0.000000
1 1730470305 10.000000 1 10.000000 10.000000 10.000000
2 1730470305 0.000000 1 0.000000 0.000000 0.000000
3 1730470305 0.000000 1 0.000000 0.000000 0.000000
4 1730470305 0.000000 1 0.000000 0.000000 0.000000
1 1730470306 10.000000 1 10.000000 10.000000 10.000000
2 1730470306 0.000000 1 0.000000 0.000000 0.000000
3 1730470306 0.000000 1 0.000000 0.000000 0.000000
4 1730470306 0.000000 1 0.000000 0.000000 0.000000
1 1730470307 10.000000 1 10.000000 10.000000 10.000000
2 1730470307 0.000000 1 0.000000 0.000000 0.000000
3 1730470307 0.000000 1 0.000000 0.000000 0.000000
4 1730470307 0.000000 1 0.000000 0.000000 0.000000
1 1730470308 10.000000 1 10.000000 10.000000 10.000000
2 1730470308 0.000000 1 0.000000 0.000000 0.000000
3 1730470308 0.000000 1 0.000000 0.000000 0.000000
4 1730470308 0.000000 1 0.000000 0.000000 0.000000
1 1730470309 10.000000 1 10.000000 10.000000 10.000000
2 1730470309 0.000000 1 0.000000 0.000000 0.000000
3 1730470309 0.000000 1 0.000000 0.000000 0.000000
4 1730470309 0.000000 1 0.000000 0.000000 0.000000
1 1730470310 10.000000 1 10.000000 10.000000 10.000000
2 1730470310 0.000000 1 0.000000 0.000000 0.000000
3 1730470310 0.000000 1 0.000000 0.000000 0.000000
4 1730470310 0.000000 1 0.000000 0.000000 0.000000
1 1730470311 10.000000 1 10.000000 10.000000 10.000000
2 1730470311 0.000000 1 0.000000 0.000000 0.000000
3 1730470311 0.000000 1 0.000000 0.000000 0.000000
4 1730470311 0.000000 1 0.000000 0.000000 0.000000
1 1730470312 10.000000 1 10.000000 10.000000 10.000000
2 1730470312 0.000000 1 0.000000 0.000000 0.000000
3 1730470312 0.000000 1 0.000000 0.000000 0.000000
4 1730470312 0.000000 1 0.000000 0.000000 0.000000
1 1730470313 10.000000 1 10.000000 10.000000 10.000000
2 1730470313 0.000000 1 0.000000 0.000000 0.000000
3 1730470313 0.000000 1 0.000000 0.000000 0.000000
4 1730470313 0.000000 1 0.000000 0.000000 0.000000
1 1730470314 10.000000 1 10.000000 10.000000 10.000000
2 1730470314 0.000000 1 0.000000 0.000000 0.000000
3 1730470314 0.000000 1 0.000000 0.000000 0.000000
4 1730470314 0.000000 1 0.000000 0.000000 0.000000
1 1730470315 10.000000 1 10.000000 10.000000 10.000000
2 1730470315 0.000000 1 0.000000 0.000000 0.000000
3 1730470315 0.000000 1 0.000000 0.000000 0.000000
4 1730470315 0.000000 1 0.000000 0.000000 0.000000
1 1730470316 10.000000 1 10.000000 10.000000 10.000000
2 1730470316 0.000000 1 0.000000 0.000000 0.000000
3 1730470316 0.000000 1 0.000000 0.000000 0.000000
4 1730470316 0.000000 1 0.000000 0.000000 0.000000
1 1730470317 10.000000 1 10.000000 10.000000 10.000000
2 1730470317 0.000000 1 0.000000 0.000000 0.000000
3 1730470317 0.000000 1 0.000000 0.000000 0.000000
4 1730470317 0.000000 1 0.000000 0.000000 0.000000
1 1730470318 10.000000 1 10.000000 10.000000 10.000000
2 1730470318 0.000000 1 0.000000 0.000000 0.000000
3 1730470318 0.000000 1 0.000000 0.000000 0.000000
4 1730470318 0.000000 1 0.000000 0.000000 0.000000
1 1730470319 10.000000 1 10.000000 10.000000 10.000000
2 1730470319 0.000000 1 0.000000 0.000000 0.000000
3 1730470319 0.000000 1 0.000000 0.000000 0.000000
4 1730470319 0.000000 1 0.000000 0.000000 0.000000
1 1730470320 10.000000 1 10.000000 10.000000 10.000000
2 1730470320 0.000000 1 0.000000 0.000000 0.000000
3 1730470320 0.000000 1 0.000000 0.000000 0.000000
4 1730470320 0.000000 1 0.000000 0.000000 0.000000
1 1730470321 10.000000 1 10.000000 10.000000 10.000000
2 1730470321 0.000000 1 0.000000 0.000000 0.000000
3 1730470321 0.000000 1 0.000000 0.000000 0.000000
4 1730470321 0.000000 1 0.000000 0.000000 0.000000
1 1730470322 10.000000 1 10.000000 10.000000 10.000000
2 1730470322 0.000000 1 0.000000 0.000000 0.000000
3 1730470322 0.000000 1 0.000000 0.000000 0.000000
4 1730470322 0.000000 1 0.000000 0.000000 0.000000
1 1730470323 10.000000 1 10.000000 10.000000 10.000000
2 1730470323 0.000000 1 0.000000 0.000000 0.000000
3 1730470323 0.000000 1 0.000000 0.000000 0.000000
4 1730470323 0.000000 1 0.000000 0.000000 0.000000
1 1730470324 10.000000 1 10.000000 10.000000 10.000000
2 1730470324 0.000000 1 0.000000 0.000000 0.000000
3 1730470324 0.000000 1 0.000000 0.000000 0.000000
4 1730470324 0.000000 1 0.000000 0.000000 0.000000
1 1730470325 10.000000 1 10.000000 10.000000 10.000000
2 1730470325 0.000000 1 0.000000 0.000000 0.000000
3 1730470325 0.000000 1 0.000000 0.000000 0.000000
4 1730470325 0.000000 1 0.000000 0.000000 0.000000
1 1730470326 10.000000 1 10.000000 10.000000 10.000000
2 1730470326 0.000000 1 0.000000 0.000000 0.000000
3 1730470326 0.000000 1 0.000000 0.000000 0.000000
4 1730470326 0.000000 1 0.000000 0.000000 0.000000
1 1730470327 10.000000 1 10.000000 10.000000 10.000000
2 1730470327 0.000000 1 0.000000 0.000000 0.000000
3 1730470327 0.000000 1 0.000000 0.000000 0.000000
4 1730470327 0.000000 1 0.000000 0.000000 0.000000
1 1730470328 10.000000 1 10.000000 10.000000 10.000000
2 1730470328 0.000000 1 0.000000 0.000000 0.000000
3 1730470328 0.000000 1 0.000000 0.000000 0.000000
4 1730470328 0.000000 1 0.000000 0.000000 0.000000
1 1730470329 10.000000 1 10.000000 10.000000 10.000000
2 1730470329 0.000000 1 0.000000 0.000000 0.000000
3 1730470329 0.000000 1 0.000000 0.000000 0.000000
4 1730470329 0.000000 1 0.000000 0.000000 0.000000
1 1730470330 10.000000 1 10.000000 10.000000 10.000000
2 1730470330 0.000000 1 0.000000 0.000000 0.000000
3 1730470330 0.000000 1 0.000000 0.000000 0.000000
4 1730470330 0.000000 1 0.000000 0.000000 0.000000
1 1730470331 10.000000 1 10.000000 10.000000 10.000000
2 1730470331 0.000000 1 0.000000 0.000000 0.000000
3 1730470331 0.000000 1 0.000000 0.000000 0.000000
4 1730470331 0.000000 1 0.000000 0.000000 0.000000
1 1730470332 10.000000 1 10.000000 10.000000 10.000000
2 1730470332 0.000000 1 0.000000 0.000000 0.000000
3 1730470332 0.000000 1 0.000000 0.000000 0.000000
4 1730470332 0.000000 1 0.000000 0.000000 0.000000
1 1730470333 10.000000 1 10.000000 10.000000 10.000000
2 1730470333 0.000000 1 0.000000 0.000000 0.000000
3 1730470333 0.000000 1 0.000000 0.000000 0.000000
4 1730470333 0.000000 1 0.000000 0.000000 0.000000
1 1730470334 10.000000 1 10.000000 10.000000 10.000000
2 1730470334 0.000000 1 0.000000 0.000000 0.000000
3 1730470334 0.000000 1 0.000000 0.000000 0.000000
4 1730470334 0.000000 1 0.000000 0.000000 0.000000
1 1730470335 10.000000 1 10.000000 10.000000 10.000000
2 1730470335 0.000000 1 0.000000 0.000000 0.000000
3 1730470335 0.000000 1 0.000000 0.000000 0.000000
4 1730470335 0.000000 1 0.000000 0.000000 0.000000
1 1730470336 10.000000 1 10.000000 10.000000 10.000000
2 1730470336 0.000000 1 0.000000 0.000000 0.000000
3 1730470336 0.000000 1 0.000000 0.000000 0.000000
4 1730470336 0.000000 1 0.000000 0.000000 0.000000
1 1730470337 10.000000 1 10.000000 10.000000 10.000000
2 1730470337 0.000000 1 0.000000 0.000000 0.000000
3 1730470337 0.000000 1 0.000000 0.000000 0.000000
4 1730470337 0.000000 1 0.000000 0.000000 0.000000
1 1730470338 10.000000 1 10.000000 10.000000 10.000000
2 1730470338 0.000000 1 0.000000 0.000000 0.000000
3 1730470338 0.000000 1 0.000000 0.000000 0.000000
4 1730470338 0.000000 1 0.000000 0.000000 0.000000
1 1730470339 10.000000 1 10.000000 10.000000 10.000000
2 1730470339 0.000000 1 0.000000 0.000000 0.000000
3 1730470339 0.000000 1 0.000000 0.000000 0.000000
4 1730470339 0.000000 1 0.000000 0.000000 0.000000
1 1730470340 10.000000 1 10.000000 10.000000 10.000000
2 1730470340 0.000000 1 0.000000 0.000000 0.000000
3 1730470340 0.000000 1 0.000000 0.000000 0.000000
4 1730470340 0.000000 1 0.000000 0.000000 0.000000
1 1730470341 10.000000 1 10.000000 10.000000 10.000000
2 1730470341 0.000000 1 0.000000 0.000000 0.000000
3 1730470341 0.000000 1 0.000000 0.000000 0.000000
4 1730470341 0.000000 1 0.000000 0.000000 0.000000
1 1730470343 10.000000 1 10.000000 10.000000 10.000000
2 1730470343 0.000000 1 0.000000 0.000000 0.000000
3 1730470343 0.000000 1 0.000000 0.000000 0.000000
4 1730470343 0.000000 1 0.000000 0.000000 0.000000
1 1730470344 10.000000 1 10.000000 10.000000 10.000000
2 1730470344 0.000000 1 0.000000 0.000000 0.000000
3 1730470344 0.000000 1 0.000000 0.000000 0.000000
4 1730470344 0.000000 1 0.000000 0.000000 0.000000
1 1730470345 10.000000 1 10.000000 10.000000 10.000000
2 1730470345 0.000000 1 0.000000 0.000000 0.000000
3 1730470345 0.000000 1 0.000000 0.000000 0.000000
4 1730470345 0.000000 1 0.000000 0.000000 0.000000
1 1730470346 10.000000 1 10.000000 10.000000 10.000000
2 1730470346 0.000000 1 0.000000 0.000000 0.000000
3 1730470346 0.000000 1 0.000000 0.000000 0.000000
4 1730470346 0.000000 1 0.000000 0.000000 0.000000
1 1730470347 10.000000 1 10.000000 10.000000 10.000000
2 1730470347 0.000000 1 0.000000 0.000000 0.000000
3 1730470347 0.000000 1 0.000000 0.000000 0.000000
4 1730470347 0.000000 1 0.000000 0.000000 0.000000
1 1730470348 10.000000 1 10.000000 10.000000 10.000000
2 1730470348 0.000000 1 0.000000 0.000000 0.000000
3 1730470348 0.000000 1 0.000000 0.000000 0.000000
4 1730470348 0.000000 1 0.000000 0.000000 0.000000
1 1730470349 10.000000 1 10.000000 10.000000 10.000000
2 1730470349 0.000000 1 0.000000 0.000000 0.000000
3 1730470349 0.000000 1 0.000000 0.000000 0.000000
4 1730470349 0.000000 1 0.000000 0.000000 0.000000
1 1730470350 10.000000 1 10.000000 10.000000 10.000000
2 1730470350 0.000000 1 0.000000 0.000000 0.000000
3 1730470350 0.000000 1 0.000000 0.000000 0.000000
4 1730470350 0.000000 1 0.000000 0.000000 0.000000
1 1730470351 10.000000 1 10.000000 10.000000 10.000000
2 1730470351 0.000000 1 0.000000 0.000000 0.000000
3 1730470351 0.000000 1 0.000000 0.000000 0.000000
4 1730470351 0.000000 1 0.000000 0.000000 0.000000
1 1730470352 10.000000 1 10.000000 10.000000 10.000000
2 1730470352 0.000000 1 0.000000 0.000000 0.000000
3 1730470352 0.000000 1 0.000000 0.000000 0.000000
4 1730470352 0.000000 1 0.000000 0.000000 0.000000
1 1730470353 10.000000 1 10.000000 10.000000 10.000000
2 1730470353 0.000000 1 0.000000 0.000000 0.000000
3 1730470353 0.000000 1 0.000000 0.000000 0.000000
4 1730470353 0.000000 1 0.000000 0.000000 0.000000
1 1730470354 10.000000 1 10.000000 10.000000 10.000000
2 1730470354 0.000000 1 0.000000 0.000000 0.000000
3 1730470354 0.000000 1 0.000000 0.000000 0.000000
4 1730470354 0.000000 1 0.000000 0.000000 0.000000
1 1730470355 10.000000 1 10.000000 10.000000 10.000000
2 1730470355 0.000000 1 0.000000 0.000000 0.000000
3 1730470355 0.000000 1 0.000000 0.000000 0.000000
4 1730470355 0.000000 1 0.000000 0.000000 0.000000
1 1730470356 10.000000 1 10.000000 10.000000 10.000000
2 1730470356 0.000000 1 0.000000 0.000000 0.000000
3 1730470356 0.000000 1 0.000000 0.000000 0.000000
4 1730470356 0.000000 1 0.000000 0.000000 0.000000
1 1730470357 10.000000 1 10.000000 10.000000 10.000000
2 1730470357 0.000000 1 0.000000 0.000000 0.000000
3 1730470357 0.000000 1 0.000000 0.000000 0.000000
4 1730470357 0.000000 1 0.000000 0.000000 0.000000
1 1730470358 10.000000 1 10.000000 10.000000 10.000000
2 1730470358 0.000000 1 0.000000 0.000000 0.000000
3 1730470358 0.000000 1 0.000000 0.000000 0.000000
4 1730470358 0.000000 1 0.000000 0.000000 0.000000
1 1730470359 10.000000 1 10.000000 10.000000 10.000000
2 1730470359 0.000000 1 0.000000 0.000000 0.000000
3 1730470359 0.000000 1 0.000000 0.000000 0.000000
4 1730470359 0.000000 1 0.000000 0.000000 0.000000
1 1730470360 10.000000 1 10.000000 10.000000 10.000000
2 1730470360 0.000000 1 0.000000 0.000000 0.000000
3 1730470360 0.000000 1 0.000000 0.000000 0.000000
4 1730470360 0.000000 1 0.000000 0.000000 0.000000
1 1730470361 10.000000 1 10.000000 10.000000 10.000000
2 1730470361 0.000000 1 0.000000 0.000000 0.000000
3 1730470361 0.000000 1 0.000000 0.000000 0.000000
4 1730470361 0.000000 1 0.000000 0.000000 0.000000
1 1730470362 10.000000 1 10.000000 10.000000 10.000000
2 1730470362 0.000000 1 0.000000 0.000000 0.000000
3 1730470362 0.000000 1 0.000000 0.000000 0.000000
4 1730470362 0.000000 1 0.000000 0.000000 0.000000
1 1730470363 10.000000 1 10.000000 10.000000 10.000000
2 1730470363 0.000000 1 0.000000 0.000000 0.000000
3 1730470363 0.000000 1 0.000000 0.000000 0.000000
4 1730470363 0.000000 1 0.000000 0.000000 0.000000
1 1730470364 10.000000 1 10.000000 10.000000 10.000000
2 1730470364 0.000000 1 0.000000 0.000000 0.000000
3 1730470364 0.000000 1 0.000000 0.000000 0.000000
4 1730470364 0.000000 1 0.000000 0.000000 0.000000
1 1730470365 10.000000 1 10.000000 10.000000 10.000000
2 1730470365 0.000000 1 0.000000 0.000000 0.000000
3 1730470365 0.000000 1 0.000000 0.000000 0.000000
4 1730470365 0.000000 1 0.000000 0.000000 0.000000
1 1730470366 10.000000 1 10.000000 10.000000 10.000000
2 1730470366 0.000000 1 0.000000 0.000000 0.000000
3 1730470366 0.000000 1 0.000000 0.000000 0.000000
4 1730470366 0.000000 1 0.000000 0.000000 0.000000
1 1730470367 10.000000 1 10.000000 10.000000 10.000000
2 1730470367 0.000000 1 0.000000 0.000000 0.000000
3 1730470367 0.000000 1 0.000000 0.000000 0.000000
4 1730470367 0.000000 1 0.000000 0.000000 0.000000
1 1730470368 10.000000 1 10.000000 10.000000 10.000000
2 1730470368 0.000000 1 0.000000 0.000000 0.000000
3 1730470368 0.000000 1 0.000000 0.000000 0.000000
4 1730470368 0.000000 1 0.000000 0.000000 0.000000
1 1730470369 10.000000 1 10.000000 10.000000 10.000000
2 1730470369 0.000000 1 0.000000 0.000000 0.000000
3 1730470369 0.000000 1 0.000000 0.000000 0.000000
4 1730470369 0.000000 1 0.000000 0.000000 0.000000
1 1730470370 10.000000 1 10.000000 10.000000 10.000000
2 1730470370 0.000000 1 0.000000 0.000000 0.000000
3 1730470370 0.000000 1 0.000000 0.000000 0.000000
4 1730470370 0.000000 1 0.000000 0.000000 0.000000
1 1730470371 10.000000 1 10.000000 10.000000 10.000000
2 1730470371 0.000000 1 0.000000 0.000000 0.000000
3 1730470371 0.000000 1 0.000000 0.000000 0.000000
4 1730470371 0.000000 1 0.000000 0.000000 0.000000
1 1730470372 10.000000 1 10.000000 10.000000 10.000000
2 1730470372 0.000000 1 0.000000 0.000000 0.000000
3 1730470372 0.000000 1 0.000000 0.000000 0.000000
4 1730470372 0.000000 1 0.000000 0.000000 0.000000
1 1730470373 10.000000 1 10.000000 10.000000 10.000000
2 1730470373 0.000000 1 0.000000 0.000000 0.000000
3 1730470373 0.000000 1 0.000000 0.000000 0.000000
4 1730470373 0.000000 1 0.000000 0.000000 0.000000
1 1730470374 10.000000 1 10.000000 10.000000 10.000000
2 1730470374 0.000000 1 0.000000 0.000000 0.000000
3 1730470374 0.000000 1 0.000000 0.000000 0.000000
4 1730470374 0.000000 1 0.000000 0.000000 0.000000
1 1730470375 10.000000 1 10.000000 10.000000 10.000000
2 1730470375 0.000000 1 0.000000 0.000000 0.000000
3 1730470375 0.000000 1 0.000000 0.000000 0.000000
4 1730470375 0.000000 1 0.000000 0.000000 0.000000
1 1730470376 10.000000 1 10.000000 10.000000 10.000000
2 1730470376 0.000000 1 0.000000 0.000000 0.000000
3 1730470376 0.000000 1 0.000000 0.000000 0.000000
4 1730470376 0.000000 1 0.000000 0.000000 0.000000
1 1730470377 10.000000 1 10.000000 10.000000 10.000000
2 1730470377 0.000000 1 0.000000 0.000000 0.000000
3 1730470377 0.000000 1 0.000000 0.000000 0.000000
4 1730470377 0.000000 1 0.000000 0.000000 0.000000
1 1730470378 10.000000 1 10.000000 10.000000 10.000000
2 1730470378 0.000000 1 0.000000 0.000000 0.000000
3 1730470378 0.000000 1 0.000000 0.000000 0.000000
4 1730470378 0.000000 1 0.000000 0.000000 0.000000
1 1730470379 10.000000 1 10.000000 10.000000 10.000000
2 1730470379 0.000000 1 0.000000 0.000000 0.000000
3 1730470379 0.000000 1 0.000000 0.000000 0.000000
4 1730470379 0.000000 1 0.000000 0.000000 0.000000
1 1730470380 10.000000 1 10.000000 10.000000 10.000000
2 1730470380 0.000000 1 0.000000 0.000000 0.000000
3 1730470380 0.000000 1 0.000000 0.000000 0.000000
4 1730470380 0.000000 1 0.000000 0.000000 0.000000
1 1730470381 10.000000 1 10.000000 10.000000 10.000000
2 1730470381 0.000000 1 0.000000 0.000000 0.000000
3 1730470381 0.000000 1 0.000000 0.000000 0.000000
4 1730470381 0.000000 1 0.000000 0.000000 0.000000
1 1730470382 10.000000 1 10.000000 10.000000 10.000000
2 1730470382 0.000000 1 0.000000 0.000000 0.000000
3 1730470382 0.000000 1 0.000000 0.000000 0.000000
4 1730470382 0.000000 1 0.000000 0.000000 0.000000
1 1730470383 10.000000 1 10.000000 10.000000 10.000000
2 1730470383 0.000000 1 0.000000 0.000000 0.000000
3 1730470383 0.000000 1 0.000000 0.000000 0.000000
4 1730470383 0.000000 1 0.000000 0.000000 0.000000
1 1730470560 10.000000 1 10.000000 10.000000 10.000000
2 1730470560 0.000000 1 0.000000 0.000000 0.000000
3 1730470560 0.000000 1 0.000000 0.000000 0.000000
4 1730470560 0.000000 1 0.000000 0.000000 0.000000
1 1730470561 10.000000 1 10.000000 10.000000 10.000000
2 1730470561 0.000000 1 0.000000 0.000000 0.000000
3 1730470561 0.000000 1 0.000000 0.000000 0.000000
4 1730470561 0.000000 1 0.000000 0.000000 0.000000
1 1730470562 10.000000 1 10.000000 10.000000 10.000000
2 1730470562 0.000000 1 0.000000 0.000000 0.000000
3 1730470562 0.000000 1 0.000000 0.000000 0.000000
4 1730470562 0.000000 1 0.000000 0.000000 0.000000
1 1730470563 10.000000 1 10.000000 10.000000 10.000000
2 1730470563 0.000000 1 0.000000 0.000000 0.000000
3 1730470563 0.000000 1 0.000000 0.000000 0.000000
4 1730470563 0.000000 1 0.000000 0.000000 0.000000
1 1730470564 10.000000 1 10.000000 10.000000 10.000000
2 1730470564 0.000000 1 0.000000 0.000000 0.000000
3 1730470564 0.000000 1 0.000000 0.000000 0.000000
4 1730470564 0.000000 1 0.000000 0.000000 0.000000
1 1730470565 10.000000 1 10.000000 10.000000 10.000000
2 1730470565 0.000000 1 0.000000 0.000000 0.000000
3 1730470565 0.000000 1 0.000000 0.000000 0.000000
4 1730470565 0.000000 1 0.000000 0.000000 0.000000
1 1730470566 10.000000 1 10.000000 10.000000 10.000000
2 1730470566 0.000000 1 0.000000 0.000000 0.000000
3 1730470566 0.000000 1 0.000000 0.000000 0.000000
4 1730470566 0.000000 1 0.000000 0.000000 0.000000
1 1730470567 10.000000 1 10.000000 10.000000 10.000000
2 1730470567 0.000000 1 0.000000 0.000000 0.000000
3 1730470567 0.000000 1 0.000000 0.000000 0.000000
4 1730470567 0.000000 1 0.000000 0.000000 0.000000
1 1730470568 10.000000 1 10.000000 10.000000 10.000000
2 1730470568 0.000000 1 0.000000 0.000000 0.000000
3 1730470568 0.000000 1 0.000000 0.000000 0.000000
4 1730470568 0.000000 1 0.000000 0.000000 0.000000
1 1730470569 10.000000 1 10.000000 10.000000 10.000000
2 1730470569 0.000000 1 0.000000 0.000000 0.000000
3 1730470569 0.000000 1 0.000000 0.000000 0.000000
4 1730470569 0.000000 1 0.000000 0.000000 0.000000
1 1730470570 10.000000 1 10.000000 10.000000 10.000000
2 1730470570 0.000000 1 0.000000 0.000000 0.000000
3 1730470570 0.000000 1 0.000000 0.000000 0.000000
4 1730470570 0.000000 1 0.000000 0.000000 0.000000
1 1730470571 10.000000 1 10.000000 10.000000 10.000000
2 1730470571 0.000000 1 0.000000 0.000000 0.000000
3 1730470571 0.000000 1 0.000000 0.000000 0.000000
4 1730470571 0.000000 1 0.000000 0.000000 0.000000
1 1730470572 10.000000 1 10.000000 10.000000 10.000000
2 1730470572 0.000000 1 0.000000 0.000000 0.000000
3 1730470572 0.000000 1 0.000000 0.000000 0.000000
4 1730470572 0.000000 1 0.000000 0.000000 0.000000
1 1730470573 10.000000 1 10.000000 10.000000 10.000000
2 1730470573 0.000000 1 0.000000 0.000000 0.000000
3 1730470573 0.000000 1 0.000000 0.000000 0.000000
4 1730470573 0.000000 1 0.000000 0.000000 0.000000
1 1730470574 10.000000 1 10.000000 10.000000 10.000000
2 1730470574 0.000000 1 0.000000 0.000000 0.000000
3 1730470574 0.000000 1 0.000000 0.000000 0.000000
4 1730470574 0.000000 1 0.000000 0.000000 0.000000
1 1730470575 10.000000 1 10.000000 10.000000 10.000000
2 1730470575 0.000000 1 0.000000 0.000000 0.000000
3 1730470575 0.000000 1 0.000000 0.000000 0.000000
4 1730470575 0.000000 1 0.000000 0.000000 0.000000
1 1730470576 10.000000 1 10.000000 10.000000 10.000000
2 1730470576 0.000000 1 0.000000 0.000000 0.000000
3 1730470576 0.000000 1 0.000000 0.000000 0.000000
4 1730470576 0.000000 1 0.000000 0.000000 0.000000
1 1730470577 10.000000 1 10.000000 10.000000 10.000000
2 1730470577 0.000000 1 0.000000 0.000000 0.000000
3 1730470577 0.000000 1 0.000000 0.000000 0.000000
4 1730470577 0.000000 1 0.000000 0.000000 0.000000
1 1730470578 10.000000 1 10.000000 10.000000 10.000000
2 1730470578 0.000000 1 0.000000 0.000000 0.000000
3 1730470578 0.000000 1 0.000000 0.000000 0.000000
4 1730470578 0.000000 1 0.000000 0.000000 0.000000
1 1730470579 10.000000 1 10.000000 10.000000 10.000000
2 1730470579 0.000000 1 0.000000 0.000000 0.000000
3 1730470579 0.000000 1 0.000000 0.000000 0.000000
4 1730470579 0.000000 1 0.000000 0.000000 0.000000
1 1730470580 10.000000 1 10.000000 10.000000 10.000000
2 1730470580 0.000000 1 0.000000 0.000000 0.000000
3 1730470580 0.000000 1 0.000000 0.000000 0.000000
4 1730470580 0.000000 1 0.000000 0.000000 0.000000
1 1730470581 10.000000 1 10.000000 10.000000 10.000000
2 1730470581 0.000000 1 0.000000 0.000000 0.000000
3 1730470581 0.000000 1 0.000000 0.000000 0.000000
4 1730470581 0.000000 1 0.000000 0.000000 0.000000
1 1730470582 10.000000 1 10.000000 10.000000 10.000000
2 1730470582 0.000000 1 0.000000 0.000000 0.000000
3 1730470582 0.000000 1 0.000000 0.000000 0.000000
4 1730470582 0.000000 1 0.000000 0.000000 0.000000
1 1730470583 10.000000 1 10.000000 10.000000 10.000000
2 1730470583 0.000000 1 0.000000 0.000000 0.000000
3 1730470583 0.000000 1 0.000000 0.000000 0.000000
4 1730470583 0.000000 1 0.000000 0.000000 0.000000
1 1730470584 10.000000 1 10.000000 10.000000 10.000000
2 1730470584 0.000000 1 0.000000 0.000000 0.000000
3 1730470584 0.000000 1 0.000000 0.000000 0.000000
4 1730470584 0.000000 1 0.000000 0.000000 0.000000
1 1730470585 10.000000 1 10.000000 10.000000 10.000000
2 1730470585 0.000000 1 0.000000 0.000000 0.000000
3 1730470585 0.000000 1 0.000000 0.000000 0.000000
4 1730470585 0.000000 1 0.000000 0.000000 0.000000
1 1730470586 10.000000 1 10.000000 10.000000 10.000000
2 1730470586 0.000000 1 0.000000 0.000000 0.000000
3 1730470586 0.000000 1 0.000000 0.000000 0.000000
4 1730470586 0.000000 1 0.000000 0.000000 0.000000
1 1730470587 10.000000 1 10.000000 10.000000 10.000000
2 1730470587 0.000000 1 0.000000 0.000000 0.000000
3 1730470587 0.000000 1 0.000000 0.000000 0.000000
4 1730470587 0.000000 1 0.000000 0.000000 0.000000
1 1730470588 10.000000 1 10.000000 10.000000 10.000000
2 1730470588 0.000000 1 0.000000 0.000000 0.000000
3 1730470588 0.000000 1 0.000000 0.000000 0.000000
4 1730470588 0.000000 1 0.000000 0.000000 0.000000
1 1730470589 10.000000 1 10.000000 10.000000 10.000000
2 1730470589 0.000000 1 0.000000 0.000000 0.000000
3 1730470589 0.000000 1 0.000000 0.000000 0.000000
4 1730470589 0.000000 1 0.000000 0.000000 0.000000
1 1730470590 10.000000 1 10.000000 10.000000 10.000000
2 1730470590 0.000000 1 0.000000 0.000000 0.000000
3 1730470590 0.000000 1 0.000000 0.000000 0.000000
4 1730470590 0.000000 1 0.000000 0.000000 0.000000
1 1730470591 10.000000 1 10.000000 10.000000 10.000000
2 1730470591 0.000000 1 0.000000 0.000000 0.000000
3 1730470591 0.000000 1 0.000000 0.000000 0.000000
4 1730470591 0.000000 1 0.000000 0.000000 0.000000
1 1730470592 10.000000 1 10.000000 10.000000 10.000000
2 1730470592 0.000000 1 0.000000 0.000000 0.000000
3 1730470592 0.000000 1 0.000000 0.000000 0.000000
4 1730470592 0.000000 1 0.000000 0.000000 0.000000
1 1730470593 10.000000 1 10.000000 10.000000 10.000000
2 1730470593 0.000000 1 0.000000 0.000000 0.000000
3 1730470593 0.000000 1 0.000000 0.000000 0.000000
4 1730470593 0.000000 1 0.000000 0.000000 0.000000
1 1730470594 10.000000 1 10.000000 10.000000 10.000000
2 1730470594 0.000000 1 0.000000 0.000000 0.000000
3 1730470594 0.000000 1 0.000000 0.000000 0.000000
4 1730470594 0.000000 1 0.000000 0.000000 0.000000
1 1730470595 10.000000 1 10.000000 10.000000 10.000000
2 1730470595 0.000000 1 0.000000 0.000000 0.000000
3 1730470595 0.000000 1 0.000000 0.000000 0.000000
4 1730470595 0.000000 1 0.000000 0.000000 0.000000
1 1730470596 10.000000 1 10.000000 10.000000 10.000000
2 1730470596 0.000000 1 0.000000 0.000000 0.000000
3 1730470596 0.000000 1 0.000000 0.000000 0.000000
4 1730470596 0.000000 1 0.000000 0.000000 0.000000
1 1730470597 10.000000 1 10.000000 10.000000 10.000000
2 1730470597 0.000000 1 0.000000 0.000000 0.000000
3 1730470597 0.000000 1 0.000000 0.000000 0.000000
4 1730470597 0.000000 1 0.000000 0.000000 0.000000
1 1730470598 10.000000 1 10.000000 10.000000 10.000000
2 1730470598 0.000000 1 0.000000 0.000000 0.000000
3 1730470598 0.000000 1 0.000000 0.000000 0.000000
4 1730470598 0.000000 1 0.000000 0.000000 0.000000
1 1730470599 10.000000 1 10.000000 10.000000 10.000000
2 1730470599 0.000000 1 0.000000 0.000000 0.000000
3 1730470599 0.000000 1 0.000000 0.000000 0.000000
4 1730470599 0.000000 1 0.000000 0.000000 0.000000
1 1730470600 10.000000 1 10.000000 10.000000 10.000000
2 1730470600 0.000000 1 0.000000 0.000000 0.000000
3 1730470600 0.000000 1 0.000000 0.000000 0.000000
4 1730470600 0.000000 1 0.000000 0.000000 0.000000
1 1730470601 10.000000 1 10.000000 10.000000 10.000000
2 1730470601 0.000000 1 0.000000 0.000000 0.000000
3 1730470601 0.000000 1 0.000000 0.000000 0.000000
4 1730470601 0.000000 1 0.000000 0.000000 0.000000
1 1730470602 10.000000 1 10.000000 10.000000 10.000000
2 1730470602 0.000000 1 0.000000 0.000000 0.000000
3 1730470602 0.000000 1 0.000000 0.000000 0.000000
4 1730470602 0.000000 1 0.000000 0.000000 0.000000
1 1730470603 10.000000 1 10.000000 10.000000 10.000000
2 1730470603 0.000000 1 0.000000 0.000000 0.000000
3 1730470603 0.000000 1 0.000000 0.000000 0.000000
4 1730470603 0.000000 1 0.000000 0.000000 0.000000
1 1730470604 10.000000 1 10.000000 10.000000 10.000000
2 1730470604 0.000000 1 0.000000 0.000000 0.000000
3 1730470604 0.000000 1 0.000000 0.000000 0.000000
4 1730470604 0.000000 1 0.000000 0.000000 0.000000
1 1730470605 10.000000 1 10.000000 10.000000 10.000000
2 1730470605 0.000000 1 0.000000 0.000000 0.000000
3 1730470605 0.000000 1 0.000000 0.000000 0.000000
4 1730470605 0.000000 1 0.000000 0.000000 0.000000
1 1730470606 10.000000 1 10.000000 10.000000 10.000000
2 1730470606 0.000000 1 0.000000 0.000000 0.000000
3 1730470606 0.000000 1 0.000000 0.000000 0.000000
4 1730470606 0.000000 1 0.000000 0.000000 0.000000
1 1730470607 10.000000 1 10.000000 10.000000 10.000000
2 1730470607 0.000000 1 0.000000 0.000000 0.000000
3 1730470607 0.000000 1 0.000000 0.000000 0.000000
4 1730470607 0.000000 1 0.000000 0.000000 0.000000
1 1730470608 10.000000 1 10.000000 10.000000 10.000000
2 1730470608 0.000000 1 0.000000 0.000000 0.000000
3 1730470608 0.000000 1 0.000000 0.000000 0.000000
4 1730470608 0.000000 1 0.000000 0.000000 0.000000
1 1730470609 10.000000 1 10.000000 10.000000 10.000000
2 1730470609 0.000000 1 0.000000 0.000000 0.000000
3 1730470609 0.000000 1 0.000000 0.000000 0.000000
4 1730470609 0.000000 1 0.000000 0.000000 0.000000
1 1730470610 10.000000 1 10.000000 10.000000 10.000000
2 1730470610 0.000000 1 0.000000 0.000000 0.000000
3 1730470610 0.000000 1 0.000000 0.000000 0.000000
4 1730470610 0.000000 1 0.000000 0.000000 0.000000
1 1730470611 10.000000 1 10.000000 10.000000 10.000000
2 1730470611 0.000000 1 0.000000 0.000000 0.000000
3 1730470611 0.000000 1 0.000000 0.000000 0.000000
4 1730470611 0.000000 1 0.000000 0.000000 0.000000
1 1730470612 10.000000 1 10.000000 10.000000 10.000000
2 1730470612 0.000000 1 0.000000 0.000000 0.000000
3 1730470612 0.000000 1 0.000000 0.000000 0.000000
4 1730470612 0.000000 1 0.000000 0.000000 0.000000
1 1730470613 10.000000 1 10.000000 10.000000 10.000000
2 1730470613 0.000000 1 0.000000 0.000000 0.000000
3 1730470613 0.000000 1 0.000000 0.000000 0.000000
4 1730470613 0.000000 1 0.000000 0.000000 0.000000
1 1730470614 10.000000 1 10.000000 10.000000 10.000000
2 1730470614 0.000000 1 0.000000 0.000000 0.000000
3 1730470614 0.000000 1 0.000000 0.000000 0.000000
4 1730470614 0.000000 1 0.000000 0.000000 0.000000
1 1730470615 10.000000 1 10.000000 10.000000 10.000000
2 1730470615 0.000000 1 0.000000 0.000000 0.000000
3 1730470615 0.000000 1 0.000000 0.000000 0.000000
4 1730470615 0.000000 1 0.000000 0.000000 0.000000
1 1730470616 10.000000 1 10.000000 10.000000 10.000000
2 1730470616 0.000000 1 0.000000 0.000000 0.000000
3 1730470616 0.000000 1 0.000000 0.000000 0.000000
4 1730470616 0.000000 1 0.000000 0.000000 0.000000
1 1730470698 10.000000 1 10.000000 10.000000 10.000000
2 1730470698 0.000000 1 0.000000 0.000000 0.000000
3 1730470698 0.000000 1 0.000000 0.000000 0.000000
4 1730470698 0.000000 1 0.000000 0.000000 0.000000
1 1730470699 10.000000 1 10.000000 10.000000 10.000000
2 1730470699 0.000000 1 0.000000 0.000000 0.000000
3 1730470699 0.000000 1 0.000000 0.000000 0.000000
4 1730470699 0.000000 1 0.000000 0.000000 0.000000
1 1730470700 10.000000 1 10.000000 10.000000 10.000000
2 1730470700 0.000000 1 0.000000 0.000000 0.000000
3 1730470700 0.000000 1 0.000000 0.000000 0.000000
4 1730470700 0.000000 1 0.000000 0.000000 0.000000
1 1730470702 10.000000 1 10.000000 10.000000 10.000000
2 1730470702 0.000000 1 0.000000 0.000000 0.000000
3 1730470702 0.000000 1 0.000000 0.000000 0.000000
4 1730470702 0.000000 1 0.000000 0.000000 0.000000
1 1730470703 10.000000 1 10.000000 10.000000 10.000000
2 1730470703 0.000000 1 0.000000 0.000000 0.000000
3 1730470703 0.000000 1 0.000000 0.000000 0.000000
4 1730470703 0.000000 1 0.000000 0.000000 0.000000
1 1730470704 10.000000 1 10.000000 10.000000 10.000000
2 1730470704 0.000000 1 0.000000 0.000000 0.000000
3 1730470704 0.000000 1 0.000000 0.000000 0.000000
4 1730470704 0.000000 1 0.000000 0.000000 0.000000
1 1730470705 10.000000 1 10.000000 10.000000 10.000000
2 1730470705 0.000000 1 0.000000 0.000000 0.000000
3 1730470705 0.000000 1 0.000000 0.000000 0.000000
4 1730470705 0.000000 1 0.000000 0.000000 0.000000
1 1730470706 10.000000 1 10.000000 10.000000 10.000000
2 1730470706 0.000000 1 0.000000 0.000000 0.000000
3 1730470706 0.000000 1 0.000000 0.000000 0.000000
4 1730470706 0.000000 1 0.000000 0.000000 0.000000
1 1730470707 10.000000 1 10.000000 10.000000 10.000000
2 1730470707 0.000000 1 0.000000 0.000000 0.000000
3 1730470707 0.000000 1 0.000000 0.000000 0.000000
4 1730470707 0.000000 1 0.000000 0.000000 0.000000
1 1730470708 10.000000 1 10.000000 10.000000 10.000000
2 1730470708 0.000000 1 0.000000 0.000000 0.000000
3 1730470708 0.000000 1 0.000000 0.000000 0.000000
4 1730470708 0.000000 1 0.000000 0.000000 0.000000
1 1730470709 10.000000 1 10.000000 10.000000 10.000000
2 1730470709 0.000000 1 0.000000 0.000000 0.000000
3 1730470709 0.000000 1 0.000000 0.000000 0.000000
4 1730470709 0.000000 1 0.000000 0.000000 0.000000
1 1730470710 10.000000 1 10.000000 10.000000 10.000000
2 1730470710 0.000000 1 0.000000 0.000000 0.000000
3 1730470710 0.000000 1 0.000000 0.000000 0.000000
4 1730470710 0.000000 1 0.000000 0.000000 0.000000
1 1730470711 10.000000 1 10.000000 10.000000 10.000000
2 1730470711 0.000000 1 0.000000 0.000000 0.000000
3 1730470711 0.000000 1 0.000000 0.000000 0.000000
4 1730470711 0.000000 1 0.000000 0.000000 0.000000
1 1730470712 10.000000 1 10.000000 10.000000 10.000000
2 1730470712 0.000000 1 0.000000 0.000000 0.000000
3 1730470712 0.000000 1 0.000000 0.000000 0.000000
4 1730470712 0.000000 1 0.000000 0.000000 0.000000
1 1730470713 10.000000 1 10.000000 10.000000 10.000000
2 1730470713 0.000000 1 0.000000 0.000000 0.000000
3 1730470713 0.000000 1 0.000000 0.000000 0.000000
4 1730470713 0.000000 1 0.000000 0.000000 0.000000
1 1730470714 10.000000 1 10.000000 10.000000 10.000000
2 1730470714 0.000000 1 0.000000 0.000000 0.000000
3 1730470714 0.000000 1 0.000000 0.000000 0.000000
4 1730470714 0.000000 1 0.000000 0.000000 0.000000
1 1730470715 10.000000 1 10.000000 10.000000 10.000000
2 1730470715 0.000000 1 0.000000 0.000000 0.000000
3 1730470715 0.000000 1 0.000000 0.000000 0.000000
4 1730470715 0.000000 1 0.000000 0.000000 0.000000
1 1730470716 10.000000 1 10.000000 10.000000 10.000000
2 1730470716 0.000000 1 0.000000 0.000000 0.000000
3 1730470716 0.000000 1 0.000000 0.000000 0.000000
4 1730470716 0.000000 1 0.000000 0.000000 0.000000
1 1730470717 10.000000 1 10.000000 10.000000 10.000000
2 1730470717 0.000000 1 0.000000 0.000000 0.000000
3 1730470717 0.000000 1 0.000000 0.000000 0.000000
4 1730470717 0.000000 1 0.000000 0.000000 0.000000
1 1730470718 10.000000 1 10.000000 10.000000 10.000000
2 1730470718 0.000000 1 0.000000 0.000000 0.000000
3 1730470718 0.000000 1 0.000000 0.000000 0.000000
4 1730470718 0.000000 1 0.000000 0.000000 0.000000
1 1730470719 10.000000 1 10.000000 10.000000 10.000000
2 1730470719 0.000000 1 0.000000 0.000000 0.000000
3 1730470719 0.000000 1 0.000000 0.000000 0.000000
4 1730470719 0.000000 1 0.000000 0.000000 0.000000
1 1730470720 10.000000 1 10.000000 10.000000 10.000000
2 1730470720 0.000000 1 0.000000 0.000000 0.000000
3 1730470720 0.000000 1 0.000000 0.000000 0.000000
4 1730470720 0.000000 1 0.000000 0.000000 0.000000
1 1730470721 10.000000 1 10.000000 10.000000 10.000000
2 1730470721 0.000000 1 0.000000 0.000000 0.000000
3 1730470721 0.000000 1 0.000000 0.000000 0.000000
4 1730470721 0.000000 1 0.000000 0.000000 0.000000
1 1730470722 10.000000 1 10.000000 10.000000 10.000000
2 1730470722 0.000000 1 0.000000 0.000000 0.000000
3 1730470722 0.000000 1 0.000000 0.000000 0.000000
4 1730470722 0.000000 1 0.000000 0.000000 0.000000
1 1730470723 10.000000 1 10.000000 10.000000 10.000000
2 1730470723 0.000000 1 0.000000 0.000000 0.000000
3 1730470723 0.000000 1 0.000000 0.000000 0.000000
4 1730470723 0.000000 1 0.000000 0.000000 0.000000
1 1730470724 10.000000 1 10.000000 10.000000 10.000000
2 1730470724 0.000000 1 0.000000 0.000000 0.000000
3 1730470724 0.000000 1 0.000000 0.000000 0.000000
4 1730470724 0.000000 1 0.000000 0.000000 0.000000
1 1730470725 10.000000 1 10.000000 10.000000 10.000000
2 1730470725 0.000000 1 0.000000 0.000000 0.000000
3 1730470725 0.000000 1 0.000000 0.000000 0.000000
4 1730470725 0.000000 1 0.000000 0.000000 0.000000
1 1730470726 10.000000 1 10.000000 10.000000 10.000000
2 1730470726 0.000000 1 0.000000 0.000000 0.000000
3 1730470726 0.000000 1 0.000000 0.000000 0.000000
4 1730470726 0.000000 1 0.000000 0.000000 0.000000
1 1730470727 10.000000 1 10.000000 10.000000 10.000000
2 1730470727 0.000000 1 0.000000 0.000000 0.000000
3 1730470727 0.000000 1 0.000000 0.000000 0.000000
4 1730470727 0.000000 1 0.000000 0.000000 0.000000
1 1730470728 10.000000 1 10.000000 10.000000 10.000000
2 1730470728 0.000000 1 0.000000 0.000000 0.000000
3 1730470728 0.000000 1 0.000000 0.000000 0.000000
4 1730470728 0.000000 1 0.000000 0.000000 0.000000
1 1730470729 10.000000 1 10.000000 10.000000 10.000000
2 1730470729 0.000000 1 0.000000 0.000000 0.000000
3 1730470729 0.000000 1 0.000000 0.000000 0.000000
4 1730470729 0.000000 1 0.000000 0.000000 0.000000
1 1730470730 10.000000 1 10.000000 10.000000 10.000000
2 1730470730 0.000000 1 0.000000 0.000000 0.000000
3 1730470730 0.000000 1 0.000000 0.000000 0.000000
4 1730470730 0.000000 1 0.000000 0.000000 0.000000
1 1730470731 10.000000 1 10.000000 10.000000 10.000000
2 1730470731 0.000000 1 0.000000 0.000000 0.000000
3 1730470731 0.000000 1 0.000000 0.000000 0.000000
4 1730470731 0.000000 1 0.000000 0.000000 0.000000
1 1730470732 10.000000 1 10.000000 10.000000 10.000000
2 1730470732 0.000000 1 0.000000 0.000000 0.000000
3 1730470732 0.000000 1 0.000000 0.000000 0.000000
4 1730470732 0.000000 1 0.000000 0.000000 0.000000
1 1730470733 10.000000 1 10.000000 10.000000 10.000000
2 1730470733 0.000000 1 0.000000 0.000000 0.000000
3 1730470733 0.000000 1 0.000000 0.000000 0.000000
4 1730470733 0.000000 1 0.000000 0.000000 0.000000
1 1730470734 10.000000 1 10.000000 10.000000 10.000000
2 1730470734 0.000000 1 0.000000 0.000000 0.000000
3 1730470734 0.000000 1 0.000000 0.000000 0.000000
4 1730470734 0.000000 1 0.000000 0.000000 0.000000
1 1730470735 10.000000 1 10.000000 10.000000 10.000000
2 1730470735 0.000000 1 0.000000 0.000000 0.000000
3 1730470735 0.000000 1 0.000000 0.000000 0.000000
4 1730470735 0.000000 1 0.000000 0.000000 0.000000
1 1730470736 10.000000 1 10.000000 10.000000 10.000000
2 1730470736 0.000000 1 0.000000 0.000000 0.000000
3 1730470736 0.000000 1 0.000000 0.000000 0.000000
4 1730470736 0.000000 1 0.000000 0.000000 0.000000
1 1730470737 10.000000 1 10.000000 10.000000 10.000000
2 1730470737 0.000000 1 0.000000 0.000000 0.000000
3 1730470737 0.000000 1 0.000000 0.000000 0.000000
4 1730470737 0.000000 1 0.000000 0.000000 0.000000
1 1730470738 10.000000 1 10.000000 10.000000 10.000000
2 1730470738 0.000000 1 0.000000 0.000000 0.000000
3 1730470738 0.000000 1 0.000000 0.000000 0.000000
4 1730470738 0.000000 1 0.000000 0.000000 0.000000
1 1730470739 10.000000 1 10.000000 10.000000 10.000000
2 1730470739 0.000000 1 0.000000 0.000000 0.000000
3 1730470739 0.000000 1 0.000000 0.000000 0.000000
4 1730470739 0.000000 1 0.000000 0.000000 0.000000
1 1730470740 10.000000 1 10.000000 10.000000 10.000000
2 1730470740 0.000000 1 0.000000 0.000000 0.000000
3 1730470740 0.000000 1 0.000000 0.000000 0.000000
4 1730470740 0.000000 1 0.000000 0.000000 0.000000
1 1730470741 10.000000 1 10.000000 10.000000 10.000000
2 1730470741 0.000000 1 0.000000 0.000000 0.000000
3 1730470741 0.000000 1 0.000000 0.000000 0.000000
4 1730470741 0.000000 1 0.000000 0.000000 0.000000
1 1730470742 10.000000 1 10.000000 10.000000 10.000000
2 1730470742 0.000000 1 0.000000 0.000000 0.000000
3 1730470742 0.000000 1 0.000000 0.000000 0.000000
4 1730470742 0.000000 1 0.000000 0.000000 0.000000
1 1730470743 10.000000 1 10.000000 10.000000 10.000000
2 1730470743 0.000000 1 0.000000 0.000000 0.000000
3 1730470743 0.000000 1 0.000000 0.000000 0.000000
4 1730470743 0.000000 1 0.000000 0.000000 0.000000
1 1730470744 10.000000 1 10.000000 10.000000 10.000000
2 1730470744 0.000000 1 0.000000 0.000000 0.000000
3 1730470744 0.000000 1 0.000000 0.000000 0.000000
4 1730470744 0.000000 1 0.000000 0.000000 0.000000
1 1730470745 10.000000 1 10.000000 10.000000 10.000000
2 1730470745 0.000000 1 0.000000 0.000000 0.000000
3 1730470745 0.000000 1 0.000000 0.000000 0.000000
4 1730470745 0.000000 1 0.000000 0.000000 0.000000
1 1730470746 10.000000 1 10.000000 10.000000 10.000000
2 1730470746 0.000000 1 0.000000 0.000000 0.000000
3 1730470746 0.000000 1 0.000000 0.000000 0.000000
4 1730470746 0.000000 1 0.000000 0.000000 0.000000
1 1730470747 10.000000 1 10.000000 10.000000 10.000000
2 1730470747 0.000000 1 0.000000 0.000000 0.000000
3 1730470747 0.000000 1 0.000000 0.000000 0.000000
4 1730470747 0.000000 1 0.000000 0.000000 0.000000
1 1730470748 10.000000 1 10.000000 10.000000 10.000000
2 1730470748 0.000000 1 0.000000 0.000000 0.000000
3 1730470748 0.000000 1 0.000000 0.000000 0.000000
4 1730470748 0.000000 1 0.000000 0.000000 0.000000
1 1730470749 10.000000 1 10.000000 10.000000 10.000000
2 1730470749 0.000000 1 0.000000 0.000000 0.000000
3 1730470749 0.000000 1 0.000000 0.000000 0.000000
4 1730470749 0.000000 1 0.000000 0.000000 0.000000
1 1730470750 10.000000 1 10.000000 10.000000 10.000000
2 1730470750 0.000000 1 0.000000 0.000000 0.000000
3 1730470750 0.000000 1 0.000000 0.000000 0.000000
4 1730470750 0.000000 1 0.000000 0.000000 0.000000
1 1730470751 10.000000 1 10.000000 10.000000 10.000000
2 1730470751 0.000000 1 0.000000 0.000000 0.000000
3 1730470751 0.000000 1 0.000000 0.000000 0.000000
4 1730470751 0.000000 1 0.000000 0.000000 0.000000
1 1730470752 10.000000 1 10.000000 10.000000 10.000000
2 1730470752 0.000000 1 0.000000 0.000000 0.000000
3 1730470752 0.000000 1 0.000000 0.000000 0.000000
4 1730470752 0.000000 1 0.000000 0.000000 0.000000
1 1730470753 10.000000 1 10.000000 10.000000 10.000000
2 1730470753 0.000000 1 0.000000 0.000000 0.000000
3 1730470753 0.000000 1 0.000000 0.000000 0.000000
4 1730470753 0.000000 1 0.000000 0.000000 0.000000
1 1730470754 10.000000 1 10.000000 10.000000 10.000000
2 1730470754 0.000000 1 0.000000 0.000000 0.000000
3 1730470754 0.000000 1 0.000000 0.000000 0.000000
4 1730470754 0.000000 1 0.000000 0.000000 0.000000
1 1730470755 10.000000 1 10.000000 10.000000 10.000000
2 1730470755 0.000000 1 0.000000 0.000000 0.000000
3 1730470755 0.000000 1 0.000000 0.000000 0.000000
4 1730470755 0.000000 1 0.000000 0.000000 0.000000
1 1730470756 10.000000 1 10.000000 10.000000 10.000000
2 1730470756 0.000000 1 0.000000 0.000000 0.000000
3 1730470756 0.000000 1 0.000000 0.000000 0.000000
4 1730470756 0.000000 1 0.000000 0.000000 0.000000
1 1730470757 10.000000 1 10.000000 10.000000 10.000000
2 1730470757 0.000000 1 0.000000 0.000000 0.000000
3 1730470757 0.000000 1 0.000000 0.000000 0.000000
4 1730470757 0.000000 1 0.000000 0.000000 0.000000
1 1730470758 10.000000 1 10.000000 10.000000 10.000000
2 1730470758 0.000000 1 0.000000 0.000000 0.000000
3 1730470758 0.000000 1 0.000000 0.000000 0.000000
4 1730470758 0.000000 1 0.000000 0.000000 0.000000
1 1730470759 10.000000 1 10.000000 10.000000 10.000000
2 1730470759 0.000000 1 0.000000 0.000000 0.000000
3 1730470759 0.000000 1 0.000000 0.000000 0.000000
4 1730470759 0.000000 1 0.000000 0.000000 0.000000
1 1730470760 10.000000 1 10.000000 10.000000 10.000000
2 1730470760 0.000000 1 0.000000 0.000000 0.000000
3 1730470760 0.000000 1 0.000000 0.000000 0.000000
4 1730470760 0.000000 1 0.000000 0.000000 0.000000
1 1730470761 10.000000 1 10.000000 10.000000 10.000000
2 1730470761 0.000000 1 0.000000 0.000000 0.000000
3 1730470761 0.000000 1 0.000000 0.000000 0.000000
4 1730470761 0.000000 1 0.000000 0.000000 0.000000
1 1730470762 10.000000 1 10.000000 10.000000 10.000000
2 1730470762 0.000000 1 0.000000 0.000000 0.000000
3 1730470762 0.000000 1 0.000000 0.000000 0.000000
4 1730470762 0.000000 1 0.000000 0.000000 0.000000
1 1730470763 10.000000 1 10.000000 10.000000 10.000000
2 1730470763 0.000000 1 0.000000 0.000000 0.000000
3 1730470763 0.000000 1 0.000000 0.000000 0.000000
4 1730470763 0.000000 1 0.000000 0.000000 0.000000
1 1730470764 10.000000 1 10.000000 10.000000 10.000000
2 1730470764 0.000000 1 0.000000 0.000000 0.000000
3 1730470764 0.000000 1 0.000000 0.000000 0.000000
4 1730470764 0.000000 1 0.000000 0.000000 0.000000
1 1730470765 10.000000 1 10.000000 10.000000 10.000000
2 1730470765 0.000000 1 0.000000 0.000000 0.000000
3 1730470765 0.000000 1 0.000000 0.000000 0.000000
4 1730470765 0.000000 1 0.000000 0.000000 0.000000
1 1730470766 10.000000 1 10.000000 10.000000 10.000000
2 1730470766 0.000000 1 0.000000 0.000000 0.000000
3 1730470766 0.000000 1 0.000000 0.000000 0.000000
4 1730470766 0.000000 1 0.000000 0.000000 0.000000
1 1730470768 10.000000 1 10.000000 10.000000 10.000000
2 1730470768 0.000000 1 0.000000 0.000000 0.000000
3 1730470768 0.000000 1 0.000000 0.000000 0.000000
4 1730470768 0.000000 1 0.000000 0.000000 0.000000
1 1730470769 10.000000 1 10.000000 10.000000 10.000000
2 1730470769 0.000000 1 0.000000 0.000000 0.000000
3 1730470769 0.000000 1 0.000000 0.000000 0.000000
4 1730470769 0.000000 1 0.000000 0.000000 0.000000
1 1730470770 10.000000 1 10.000000 10.000000 10.000000
2 1730470770 0.000000 1 0.000000 0.000000 0.000000
3 1730470770 0.000000 1 0.000000 0.000000 0.000000
4 1730470770 0.000000 1 0.000000 0.000000 0.000000
1 1730470771 10.000000 1 10.000000 10.000000 10.000000
2 1730470771 0.000000 1 0.000000 0.000000 0.000000
3 1730470771 0.000000 1 0.000000 0.000000 0.000000
4 1730470771 0.000000 1 0.000000 0.000000 0.000000
1 1730470772 10.000000 1 10.000000 10.000000 10.000000
2 1730470772 0.000000 1 0.000000 0.000000 0.000000
3 1730470772 0.000000 1 0.000000 0.000000 0.000000
4 1730470772 0.000000 1 0.000000 0.000000 0.000000
1 1730470773 10.000000 1 10.000000 10.000000 10.000000
2 1730470773 0.000000 1 0.000000 0.000000 0.000000
3 1730470773 0.000000 1 0.000000 0.000000 0.000000
4 1730470773 0.000000 1 0.000000 0.000000 0.000000
1 1730470774 10.000000 1 10.000000 10.000000 10.000000
2 1730470774 0.000000 1 0.000000 0.000000 0.000000
3 1730470774 0.000000 1 0.000000 0.000000 0.000000
4 1730470774 0.000000 1 0.000000 0.000000 0.000000
1 1730470775 10.000000 1 10.000000 10.000000 10.000000
2 1730470775 0.000000 1 0.000000 0.000000 0.000000
3 1730470775 0.000000 1 0.000000 0.000000 0.000000
4 1730470775 0.000000 1 0.000000 0.000000 0.000000
1 1730470776 10.000000 1 10.000000 10.000000 10.000000
2 1730470776 0.000000 1 0.000000 0.000000 0.000000
3 1730470776 0.000000 1 0.000000 0.000000 0.000000
4 1730470776 0.000000 1 0.000000 0.000000 0.000000
1 1730470777 10.000000 1 10.000000 10.000000 10.000000
2 1730470777 0.000000 1 0.000000 0.000000 0.000000
3 1730470777 0.000000 1 0.000000 0.000000 0.000000
4 1730470777 0.000000 1 0.000000 0.000000 0.000000
1 1730470778 10.000000 1 10.000000 10.000000 10.000000
2 1730470778 0.000000 1 0.000000 0.000000 0.000000
3 1730470778 0.000000 1 0.000000 0.000000 0.000000
4 1730470778 0.000000 1 0.000000 0.000000 0.000000
1 1730470779 10.000000 1 10.000000 10.000000 10.000000
2 1730470779 0.000000 1 0.000000 0.000000 0.000000
3 1730470779 0.000000 1 0.000000 0.000000 0.000000
4 1730470779 0.000000 1 0.000000 0.000000 0.000000
1 1730470780 10.000000 1 10.000000 10.000000 10.000000
2 1730470780 0.000000 1 0.000000 0.000000 0.000000
3 1730470780 0.000000 1 0.000000 0.000000 0.000000
4 1730470780 0.000000 1 0.000000 0.000000 0.000000
1 1730470781 10.000000 1 10.000000 10.000000 10.000000
2 1730470781 0.000000 1 0.000000 0.000000 0.000000
3 1730470781 0.000000 1 0.000000 0.000000 0.000000
4 1730470781 0.000000 1 0.000000 0.000000 0.000000
1 1730470782 10.000000 1 10.000000 10.000000 10.000000
2 1730470782 0.000000 1 0.000000 0.000000 0.000000
3 1730470782 0.000000 1 0.000000 0.000000 0.000000
4 1730470782 0.000000 1 0.000000 0.000000 0.000000
1 1730470783 10.000000 1 10.000000 10.000000 10.000000
2 1730470783 0.000000 1 0.000000 0.000000 0.000000
3 1730470783 0.000000 1 0.000000 0.000000 0.000000
4 1730470783 0.000000 1 0.000000 0.000000 0.000000
1 1730470784 10.000000 1 10.000000 10.000000 10.000000
2 1730470784 0.000000 1 0.000000 0.000000 0.000000
3 1730470784 0.000000 1 0.000000 0.000000 0.000000
4 1730470784 0.000000 1 0.000000 0.000000 0.000000
1 1730470785 10.000000 1 10.000000 10.000000 10.000000
2 1730470785 0.000000 1 0.000000 0.000000 0.000000
3 1730470785 0.000000 1 0.000000 0.000000 0.000000
4 1730470785 0.000000 1 0.000000 0.000000 0.000000
1 1730470786 10.000000 1 10.000000 10.000000 10.000000
2 1730470786 0.000000 1 0.000000 0.000000 0.000000
3 1730470786 0.000000 1 0.000000 0.000000 0.000000
4 1730470786 0.000000 1 0.000000 0.000000 0.000000
1 1730470787 10.000000 1 10.000000 10.000000 10.000000
2 1730470787 0.000000 1 0.000000 0.000000 0.000000
3 1730470787 0.000000 1 0.000000 0.000000 0.000000
4 1730470787 0.000000 1 0.000000 0.000000 0.000000
1 1730470788 10.000000 1 10.000000 10.000000 10.000000
2 1730470788 0.000000 1 0.000000 0.000000 0.000000
3 1730470788 0.000000 1 0.000000 0.000000 0.000000
4 1730470788 0.000000 1 0.000000 0.000000 0.000000
1 1730470789 10.000000 1 10.000000 10.000000 10.000000
2 1730470789 0.000000 1 0.000000 0.000000 0.000000
3 1730470789 0.000000 1 0.000000 0.000000 0.000000
4 1730470789 0.000000 1 0.000000 0.000000 0.000000
1 1730470790 10.000000 1 10.000000 10.000000 10.000000
2 1730470790 0.000000 1 0.000000 0.000000 0.000000
3 1730470790 0.000000 1 0.000000 0.000000 0.000000
4 1730470790 0.000000 1 0.000000 0.000000 0.000000
1 1730470791 10.000000 1 10.000000 10.000000 10.000000
2 1730470791 0.000000 1 0.000000 0.000000 0.000000
3 1730470791 0.000000 1 0.000000 0.000000 0.000000
4 1730470791 0.000000 1 0.000000 0.000000 0.000000
1 1730470792 10.000000 1 10.000000 10.000000 10.000000
2 1730470792 0.000000 1 0.000000 0.000000 0.000000
3 1730470792 0.000000 1 0.000000 0.000000 0.000000
4 1730470792 0.000000 1 0.000000 0.000000 0.000000
1 1730470793 10.000000 1 10.000000 10.000000 10.000000
2 1730470793 0.000000 1 0.000000 0.000000 0.000000
3 1730470793 0.000000 1 0.000000 0.000000 0.000000
4 1730470793 0.000000 1 0.000000 0.000000 0.000000
1 1730470794 10.000000 1 10.000000 10.000000 10.000000
2 1730470794 0.000000 1 0.000000 0.000000 0.000000
3 1730470794 0.000000 1 0.000000 0.000000 0.000000
4 1730470794 0.000000 1 0.000000 0.000000 0.000000
1 1730470795 10.000000 1 10.000000 10.000000 10.000000
2 1730470795 0.000000 1 0.000000 0.000000 0.000000
3 1730470795 0.000000 1 0.000000 0.000000 0.000000
4 1730470795 0.000000 1 0.000000 0.000000 0.000000
1 1730470796 10.000000 1 10.000000 10.000000 10.000000
2 1730470796 0.000000 1 0.000000 0.000000 0.000000
3 1730470796 0.000000 1 0.000000 0.000000 0.000000
4 1730470796 0.000000 1 0.000000 0.000000 0.000000
1 1730470797 10.000000 1 10.000000 10.000000 10.000000
2 1730470797 0.000000 1 0.000000 0.000000 0.000000
3 1730470797 0.000000 1 0.000000 0.000000 0.000000
4 1730470797 0.000000 1 0.000000 0.000000 0.000000
1 1730470798 10.000000 1 10.000000 10.000000 10.000000
2 1730470798 0.000000 1 0.000000 0.000000 0.000000
3 1730470798 0.000000 1 0.000000 0.000000 0.000000
4 1730470798 0.000000 1 0.000000 0.000000 0.000000
1 1730470799 10.000000 1 10.000000 10.000000 10.000000
2 1730470799 0.000000 1 0.000000 0.000000 0.000000
3 1730470799 0.000000 1 0.000000 0.000000 0.000000
4 1730470799 0.000000 1 0.000000 0.000000 0.000000
1 1730470800 10.000000 1 10.000000 10.000000 10.000000
2 1730470800 0.000000 1 0.000000 0.000000 0.000000
3 1730470800 0.000000 1 0.000000 0.000000 0.000000
4 1730470800 0.000000 1 0.000000 0.000000 0.000000
1 1730470801 10.000000 1 10.000000 10.000000 10.000000
2 1730470801 0.000000 1 0.000000 0.000000 0.000000
3 1730470801 0.000000 1 0.000000 0.000000 0.000000
4 1730470801 0.000000 1 0.000000 0.000000 0.000000
1 1730470802 10.000000 1 10.000000 10.000000 10.000000
2 1730470802 0.000000 1 0.000000 0.000000 0.000000
3 1730470802 0.000000 1 0.000000 0.000000 0.000000
4 1730470802 0.000000 1 0.000000 0.000000 0.000000
1 1730470803 10.000000 1 10.000000 10.000000 10.000000
2 1730470803 0.000000 1 0.000000 0.000000 0.000000
3 1730470803 0.000000 1 0.000000 0.000000 0.000000
4 1730470803 0.000000 1 0.000000 0.000000 0.000000
1 1730470804 10.000000 1 10.000000 10.000000 10.000000
2 1730470804 0.000000 1 0.000000 0.000000 0.000000
3 1730470804 0.000000 1 0.000000 0.000000 0.000000
4 1730470804 0.000000 1 0.000000 0.000000 0.000000
1 1730470805 10.000000 1 10.000000 10.000000 10.000000
2 1730470805 0.000000 1 0.000000 0.000000 0.000000
3 1730470805 0.000000 1 0.000000 0.000000 0.000000
4 1730470805 0.000000 1 0.000000 0.000000 0.000000
1 1730470806 10.000000 1 10.000000 10.000000 10.000000
2 1730470806 0.000000 1 0.000000 0.000000 0.000000
3 1730470806 0.000000 1 0.000000 0.000000 0.000000
4 1730470806 0.000000 1 0.000000 0.000000 0.000000
1 1730470807 10.000000 1 10.000000 10.000000 10.000000
2 1730470807 0.000000 1 0.000000 0.000000 0.000000
3 1730470807 0.000000 1 0.000000 0.000000 0.000000
4 1730470807 0.000000 1 0.000000 0.000000 0.000000
1 1730470808 10.000000 1 10.000000 10.000000 10.000000
2 1730470808 0.000000 1 0.000000 0.000000 0.000000
3 1730470808 0.000000 1 0.000000 0.000000 0.000000
4 1730470808 0.000000 1 0.000000 0.000000 0.000000
1 1730470809 10.000000 1 10.000000 10.000000 10.000000
2 1730470809 0.000000 1 0.000000 0.000000 0.000000
3 1730470809 0.000000 1 0.000000 0.000000 0.000000
4 1730470809 0.000000 1 0.000000 0.000000 0.000000
1 1730470810 10.000000 1 10.000000 10.000000 10.000000
2 1730470810 0.000000 1 0.000000 0.000000 0.000000
3 1730470810 0.000000 1 0.000000 0.000000 0.000000
4 1730470810 0.000000 1 0.000000 0.000000 0.000000
1 1730470811 10.000000 1 10.000000 10.000000 10.000000
2 1730470811 0.000000 1 0.000000 0.000000 0.000000
3 1730470811 0.000000 1 0.000000 0.000000 0.000000
4 1730470811 0.000000 1 0.000000 0.000000 0.000000
1 1730470812 10.000000 1 10.000000 10.000000 10.000000
2 1730470812 0.000000 1 0.000000 0.000000 0.000000
3 1730470812 0.000000 1 0.000000 0.000000 0.000000
4 1730470812 0.000000 1 0.000000 0.000000 0.000000
1 1730470813 10.000000 1 10.000000 10.000000 10.000000
2 1730470813 0.000000 1 0.000000 0.000000 0.000000
3 1730470813 0.000000 1 0.000000 0.000000 0.000000
4 1730470813 0.000000 1 0.000000 0.000000 0.000000
1 1730470814 10.000000 1 10.000000 10.000000 10.000000
2 1730470814 0.000000 1 0.000000 0.000000 0.000000
3 1730470814 0.000000 1 0.000000 0.000000 0.000000
4 1730470814 0.000000 1 0.000000 0.000000 0.000000
1 1730470815 10.000000 1 10.000000 10.000000 10.000000
2 1730470815 0.000000 1 0.000000 0.000000 0.000000
3 1730470815 0.000000 1 0.000000 0.000000 0.000000
4 1730470815 0.000000 1 0.000000 0.000000 0.000000
1 1730470816 10.000000 1 10.000000 10.000000 10.000000
2 1730470816 0.000000 1 0.000000 0.000000 0.000000
3 1730470816 0.000000 1 0.000000 0.000000 0.000000
4 1730470816 0.000000 1 0.000000 0.000000 0.000000
1 1730470817 10.000000 1 10.000000 10.000000 10.000000
2 1730470817 0.000000 1 0.000000 0.000000 0.000000
3 1730470817 0.000000 1 0.000000 0.000000 0.000000
4 1730470817 0.000000 1 0.000000 0.000000 0.000000
1 1730470818 10.000000 1 10.000000 10.000000 10.000000
2 1730470818 0.000000 1 0.000000 0.000000 0.000000
3 1730470818 0.000000 1 0.000000 0.000000 0.000000
4 1730470818 0.000000 1 0.000000 0.000000 0.000000
1 1730470819 10.000000 1 10.000000 10.000000 10.000000
2 1730470819 0.000000 1 0.000000 0.000000 0.000000
3 1730470819 0.000000 1 0.000000 0.000000 0.000000
4 1730470819 0.000000 1 0.000000 0.000000 0.000000
1 1730470820 10.000000 1 10.000000 10.000000 10.000000
2 1730470820 0.000000 1 0.000000 0.000000 0.000000
3 1730470820 0.000000 1 0.000000 0.000000 0.000000
4 1730470820 0.000000 1 0.000000 0.000000 0.000000
1 1730470821 10.000000 1 10.000000 10.000000 10.000000
2 1730470821 0.000000 1 0.000000 0.000000 0.000000
3 1730470821 0.000000 1 0.000000 0.000000 0.000000
4 1730470821 0.000000 1 0.000000 0.000000 0.000000
1 1730470822 10.000000 1 10.000000 10.000000 10.000000
2 1730470822 0.000000 1 0.000000 0.000000 0.000000
3 1730470822 0.000000 1 0.000000 0.000000 0.000000
4 1730470822 0.000000 1 0.000000 0.000000 0.000000
1 1730470823 10.000000 1 10.000000 10.000000 10.000000
2 1730470823 0.000000 1 0.000000 0.000000 0.000000
3 1730470823 0.000000 1 0.000000 0.000000 0.000000
4 1730470823 0.000000 1 0.000000 0.000000 0.000000
1 1730470824 10.000000 1 10.000000 10.000000 10.000000
2 1730470824 0.000000 1 0.000000 0.000000 0.000000
3 1730470824 0.000000 1 0.000000 0.000000 0.000000
4 1730470824 0.000000 1 0.000000 0.000000 0.000000
1 1730470825 10.000000 1 10.000000 10.000000 10.000000
2 1730470825 0.000000 1 0.000000 0.000000 0.000000
3 1730470825 0.000000 1 0.000000 0.000000 0.000000
4 1730470825 0.000000 1 0.000000 0.000000 0.000000
1 1730470826 10.000000 1 10.000000 10.000000 10.000000
2 1730470826 0.000000 1 0.000000 0.000000 0.000000
3 1730470826 0.000000 1 0.000000 0.000000 0.000000
4 1730470826 0.000000 1 0.000000 0.000000 0.000000
1 1730470827 10.000000 1 10.000000 10.000000 10.000000
2 1730470827 0.000000 1 0.000000 0.000000 0.000000
3 1730470827 0.000000 1 0.000000 0.000000 0.000000
4 1730470827 0.000000 1 0.000000 0.000000 0.000000
1 1730470828 10.000000 1 10.000000 10.000000 10.000000
2 1730470828 0.000000 1 0.000000 0.000000 0.000000
3 1730470828 0.000000 1 0.000000 0.000000 0.000000
4 1730470828 0.000000 1 0.000000 0.000000 0.000000
1 1730470829 10.000000 1 10.000000 10.000000 10.000000
2 1730470829 0.000000 1 0.000000 0.000000 0.000000
3 1730470829 0.000000 1 0.000000 0.000000 0.000000
4 1730470829 0.000000 1 0.000000 0.000000 0.000000
1 1730470830 10.000000 1 10.000000 10.000000 10.000000
2 1730470830 0.000000 1 0.000000 0.000000 0.000000
3 1730470830 0.000000 1 0.000000 0.000000 0.000000
4 1730470830 0.000000 1 0.000000 0.000000 0.000000
1 1730470832 10.000000 1 10.000000 10.000000 10.000000
2 1730470832 0.000000 1 0.000000 0.000000 0.000000
3 1730470832 0.000000 1 0.000000 0.000000 0.000000
4 1730470832 0.000000 1 0.000000 0.000000 0.000000
1 1730470833 10.000000 1 10.000000 10.000000 10.000000
2 1730470833 0.000000 1 0.000000 0.000000 0.000000
3 1730470833 0.000000 1 0.000000 0.000000 0.000000
4 1730470833 0.000000 1 0.000000 0.000000 0.000000
1 1730470834 10.000000 1 10.000000 10.000000 10.000000
2 1730470834 0.000000 1 0.000000 0.000000 0.000000
3 1730470834 0.000000 1 0.000000 0.000000 0.000000
4 1730470834 0.000000 1 0.000000 0.000000 0.000000
1 1730470835 10.000000 1 10.000000 10.000000 10.000000
2 1730470835 0.000000 1 0.000000 0.000000 0.000000
3 1730470835 0.000000 1 0.000000 0.000000 0.000000
4 1730470835 0.000000 1 0.000000 0.000000 0.000000
1 1730470836 10.000000 1 10.000000 10.000000 10.000000
2 1730470836 0.000000 1 0.000000 0.000000 0.000000
3 1730470836 0.000000 1 0.000000 0.000000 0.000000
4 1730470836 0.000000 1 0.000000 0.000000 0.000000
1 1730470837 10.000000 1 10.000000 10.000000 10.000000
2 1730470837 0.000000 1 0.000000 0.000000 0.000000
3 1730470837 0.000000 1 0.000000 0.000000 0.000000
4 1730470837 0.000000 1 0.000000 0.000000 0.000000
1 1730470838 10.000000 1 10.000000 10.000000 10.000000
2 1730470838 0.000000 1 0.000000 0.000000 0.000000
3 1730470838 0.000000 1 0.000000 0.000000 0.000000
4 1730470838 0.000000 1 0.000000 0.000000 0.000000
1 1730470839 10.000000 1 10.000000 10.000000 10.000000
2 1730470839 0.000000 1 0.000000 0.000000 0.000000
3 1730470839 0.000000 1 0.000000 0.000000 0.000000
4 1730470839 0.000000 1 0.000000 0.000000 0.000000
1 1730470840 10.000000 1 10.000000 10.000000 10.000000
2 1730470840 0.000000 1 0.000000 0.000000 0.000000
3 1730470840 0.000000 1 0.000000 0.000000 0.000000
4 1730470840 0.000000 1 0.000000 0.000000 0.000000
1 1730470841 10.000000 1 10.000000 10.000000 10.000000
2 1730470841 0.000000 1 0.000000 0.000000 0.000000
3 1730470841 0.000000 1 0.000000 0.000000 0.000000
4 1730470841 0.000000 1 0.000000 0.000000 0.000000
1 1730470842 10.000000 1 10.000000 10.000000 10.000000
2 1730470842 0.000000 1 0.000000 0.000000 0.000000
3 1730470842 0.000000 1 0.000000 0.000000 0.000000
4 1730470842 0.000000 1 0.000000 0.000000 0.000000
1 1730470843 10.000000 1 10.000000 10.000000 10.000000
2 1730470843 0.000000 1 0.000000 0.000000 0.000000
3 1730470843 0.000000 1 0.000000 0.000000 0.000000
4 1730470843 0.000000 1 0.000000 0.000000 0.000000
1 1730470844 10.000000 1 10.000000 10.000000 10.000000
2 1730470844 0.000000 1 0.000000 0.000000 0.000000
3 1730470844 0.000000 1 0.000000 0.000000 0.000000
4 1730470844 0.000000 1 0.000000 0.000000 0.000000
1 1730470845 10.000000 1 10.000000 10.000000 10.000000
2 1730470845 0.000000 1 0.000000 0.000000 0.000000
3 1730470845 0.000000 1 0.000000 0.000000 0.000000
4 1730470845 0.000000 1 0.000000 0.000000 0.000000
1 1730470846 10.000000 1 10.000000 10.000000 10.000000
2 1730470846 0.000000 1 0.000000 0.000000 0.000000
3 1730470846 0.000000 1 0.000000 0.000000 0.000000
4 1730470846 0.000000 1 0.000000 0.000000 0.000000
1 1730470847 10.000000 1 10.000000 10.000000 10.000000
2 1730470847 0.000000 1 0.000000 0.000000 0.000000
3 1730470847 0.000000 1 0.000000 0.000000 0.000000
4 1730470847 0.000000 1 0.000000 0.000000 0.000000
1 1730470848 10.000000 1 10.000000 10.000000 10.000000
2 1730470848 0.000000 1 0.000000 0.000000 0.000000
3 1730470848 0.000000 1 0.000000 0.000000 0.000000
4 1730470848 0.000000 1 0.000000 0.000000 0.000000
1 1730470849 10.000000 1 10.000000 10.000000 10.000000
2 1730470849 0.000000 1 0.000000 0.000000 0.000000
3 1730470849 0.000000 1 0.000000 0.000000 0.000000
4 1730470849 0.000000 1 0.000000 0.000000 0.000000
1 1730470850 10.000000 1 10.000000 10.000000 10.000000
2 1730470850 0.000000 1 0.000000 0.000000 0.000000
3 1730470850 0.000000 1 0.000000 0.000000 0.000000
4 1730470850 0.000000 1 0.000000 0.000000 0.000000
1 1730470851 10.000000 1 10.000000 10.000000 10.000000
2 1730470851 0.000000 1 0.000000 0.000000 0.000000
3 1730470851 0.000000 1 0.000000 0.000000 0.000000
4 1730470851 0.000000 1 0.000000 0.000000 0.000000
1 1730470852 10.000000 1 10.000000 10.000000 10.000000
2 1730470852 0.000000 1 0.000000 0.000000 0.000000
3 1730470852 0.000000 1 0.000000 0.000000 0.000000
4 1730470852 0.000000 1 0.000000 0.000000 0.000000
1 1730470853 10.000000 1 10.000000 10.000000 10.000000
2 1730470853 0.000000 1 0.000000 0.000000 0.000000
3 1730470853 0.000000 1 0.000000 0.000000 0.000000
4 1730470853 0.000000 1 0.000000 0.000000 0.000000
1 1730470854 10.000000 1 10.000000 10.000000 10.000000
2 1730470854 0.000000 1 0.000000 0.000000 0.000000
3 1730470854 0.000000 1 0.000000 0.000000 0.000000
4 1730470854 0.000000 1 0.000000 0.000000 0.000000
1 1730470855 10.000000 1 10.000000 10.000000 10.000000
2 1730470855 0.000000 1 0.000000 0.000000 0.000000
3 1730470855 0.000000 1 0.000000 0.000000 0.000000
4 1730470855 0.000000 1 0.000000 0.000000 0.000000
1 1730470856 10.000000 1 10.000000 10.000000 10.000000
2 1730470856 0.000000 1 0.000000 0.000000 0.000000
3 1730470856 0.000000 1 0.000000 0.000000 0.000000
4 1730470856 0.000000 1 0.000000 0.000000 0.000000
1 1730470857 10.000000 1 10.000000 10.000000 10.000000
2 1730470857 0.000000 1 0.000000 0.000000 0.000000
3 1730470857 0.000000 1 0.000000 0.000000 0.000000
4 1730470857 0.000000 1 0.000000 0.000000 0.000000
1 1730470858 10.000000 1 10.000000 10.000000 10.000000
2 1730470858 0.000000 1 0.000000 0.000000 0.000000
3 1730470858 0.000000 1 0.000000 0.000000 0.000000
4 1730470858 0.000000 1 0.000000 0.000000 0.000000
1 1730470859 10.000000 1 10.000000 10.000000 10.000000
2 1730470859 0.000000 1 0.000000 0.000000 0.000000
3 1730470859 0.000000 1 0.000000 0.000000 0.000000
4 1730470859 0.000000 1 0.000000 0.000000 0.000000
1 1730470860 10.000000 1 10.000000 10.000000 10.000000
2 1730470860 0.000000 1 0.000000 0.000000 0.000000
3 1730470860 0.000000 1 0.000000 0.000000 0.000000
4 1730470860 0.000000 1 0.000000 0.000000 0.000000
1 1730470861 10.000000 1 10.000000 10.000000 10.000000
2 1730470861 0.000000 1 0.000000 0.000000 0.000000
3 1730470861 0.000000 1 0.000000 0.000000 0.000000
4 1730470861 0.000000 1 0.000000 0.000000 0.000000
1 1730470862 10.000000 1 10.000000 10.000000 10.000000
2 1730470862 0.000000 1 0.000000 0.000000 0.000000
3 1730470862 0.000000 1 0.000000 0.000000 0.000000
4 1730470862 0.000000 1 0.000000 0.000000 0.000000
1 1730470863 10.000000 1 10.000000 10.000000 10.000000
2 1730470863 0.000000 1 0.000000 0.000000 0.000000
3 1730470863 0.000000 1 0.000000 0.000000 0.000000
4 1730470863 0.000000 1 0.000000 0.000000 0.000000
1 1730470864 10.000000 1 10.000000 10.000000 10.000000
2 1730470864 0.000000 1 0.000000 0.000000 0.000000
3 1730470864 0.000000 1 0.000000 0.000000 0.000000
4 1730470864 0.000000 1 0.000000 0.000000 0.000000
1 1730470865 10.000000 1 10.000000 10.000000 10.000000
2 1730470865 0.000000 1 0.000000 0.000000 0.000000
3 1730470865 0.000000 1 0.000000 0.000000 0.000000
4 1730470865 0.000000 1 0.000000 0.000000 0.000000
1 1730470866 10.000000 1 10.000000 10.000000 10.000000
2 1730470866 0.000000 1 0.000000 0.000000 0.000000
3 1730470866 0.000000 1 0.000000 0.000000 0.000000
4 1730470866 0.000000 1 0.000000 0.000000 0.000000
1 1730470867 10.000000 1 10.000000 10.000000 10.000000
2 1730470867 0.000000 1 0.000000 0.000000 0.000000
3 1730470867 0.000000 1 0.000000 0.000000 0.000000
4 1730470867 0.000000 1 0.000000 0.000000 0.000000
1 1730470868 10.000000 1 10.000000 10.000000 10.000000
2 1730470868 0.000000 1 0.000000 0.000000 0.000000
3 1730470868 0.000000 1 0.000000 0.000000 0.000000
4 1730470868 0.000000 1 0.000000 0.000000 0.000000
1 1730470869 10.000000 1 10.000000 10.000000 10.000000
2 1730470869 0.000000 1 0.000000 0.000000 0.000000
3 1730470869 0.000000 1 0.000000 0.000000 0.000000
4 1730470869 0.000000 1 0.000000 0.000000 0.000000
1 1730470870 10.000000 1 10.000000 10.000000 10.000000
2 1730470870 0.000000 1 0.000000 0.000000 0.000000
3 1730470870 0.000000 1 0.000000 0.000000 0.000000
4 1730470870 0.000000 1 0.000000 0.000000 0.000000
1 1730470871 10.000000 1 10.000000 10.000000 10.000000
2 1730470871 0.000000 1 0.000000 0.000000 0.000000
3 1730470871 0.000000 1 0.000000 0.000000 0.000000
4 1730470871 0.000000 1 0.000000 0.000000 0.000000
1 1730470872 10.000000 1 10.000000 10.000000 10.000000
2 1730470872 0.000000 1 0.000000 0.000000 0.000000
3 1730470872 0.000000 1 0.000000 0.000000 0.000000
4 1730470872 0.000000 1 0.000000 0.000000 0.000000
1 1730470873 10.000000 1 10.000000 10.000000 10.000000
2 1730470873 0.000000 1 0.000000 0.000000 0.000000
3 1730470873 0.000000 1 0.000000 0.000000 0.000000
4 1730470873 0.000000 1 0.000000 0.000000 0.000000
1 1730470874 10.000000 1 10.000000 10.000000 10.000000
2 1730470874 0.000000 1 0.000000 0.000000 0.000000
3 1730470874 0.000000 1 0.000000 0.000000 0.000000
4 1730470874 0.000000 1 0.000000 0.000000 0.000000
1 1730470875 10.000000 1 10.000000 10.000000 10.000000
2 1730470875 0.000000 1 0.000000 0.000000 0.000000
3 1730470875 0.000000 1 0.000000 0.000000 0.000000
4 1730470875 0.000000 1 0.000000 0.000000 0.000000
1 1730470876 10.000000 1 10.000000 10.000000 10.000000
2 1730470876 0.000000 1 0.000000 0.000000 0.000000
3 1730470876 0.000000 1 0.000000 0.000000 0.000000
4 1730470876 0.000000 1 0.000000 0.000000 0.000000
1 1730470877 10.000000 1 10.000000 10.000000 10.000000
2 1730470877 0.000000 1 0.000000 0.000000 0.000000
3 1730470877 0.000000 1 0.000000 0.000000 0.000000
4 1730470877 0.000000 1 0.000000 0.000000 0.000000
1 1730470878 10.000000 1 10.000000 10.000000 10.000000
2 1730470878 0.000000 1 0.000000 0.000000 0.000000
3 1730470878 0.000000 1 0.000000 0.000000 0.000000
4 1730470878 0.000000 1 0.000000 0.000000 0.000000
1 1730470879 10.000000 1 10.000000 10.000000 10.000000
2 1730470879 0.000000 1 0.000000 0.000000 0.000000
3 1730470879 0.000000 1 0.000000 0.000000 0.000000
4 1730470879 0.000000 1 0.000000 0.000000 0.000000
1 1730470880 10.000000 1 10.000000 10.000000 10.000000
2 1730470880 0.000000 1 0.000000 0.000000 0.000000
3 1730470880 0.000000 1 0.000000 0.000000 0.000000
4 1730470880 0.000000 1 0.000000 0.000000 0.000000
1 1730470881 10.000000 1 10.000000 10.000000 10.000000
2 1730470881 0.000000 1 0.000000 0.000000 0.000000
3 1730470881 0.000000 1 0.000000 0.000000 0.000000
4 1730470881 0.000000 1 0.000000 0.000000 0.000000
1 1730470882 10.000000 1 10.000000 10.000000 10.000000
2 1730470882 0.000000 1 0.000000 0.000000 0.000000
3 1730470882 0.000000 1 0.000000 0.000000 0.000000
4 1730470882 0.000000 1 0.000000 0.000000 0.000000
1 1730470883 10.000000 1 10.000000 10.000000 10.000000
2 1730470883 0.000000 1 0.000000 0.000000 0.000000
3 1730470883 0.000000 1 0.000000 0.000000 0.000000
4 1730470883 0.000000 1 0.000000 0.000000 0.000000
1 1730470884 10.000000 1 10.000000 10.000000 10.000000
2 1730470884 0.000000 1 0.000000 0.000000 0.000000
3 1730470884 0.000000 1 0.000000 0.000000 0.000000
4 1730470884 0.000000 1 0.000000 0.000000 0.000000
1 1730470885 10.000000 1 10.000000 10.000000 10.000000
2 1730470885 0.000000 1 0.000000 0.000000 0.000000
3 1730470885 0.000000 1 0.000000 0.000000 0.000000
4 1730470885 0.000000 1 0.000000 0.000000 0.000000
1 1730470886 10.000000 1 10.000000 10.000000 10.000000
2 1730470886 0.000000 1 0.000000 0.000000 0.000000
3 1730470886 0.000000 1 0.000000 0.000000 0.000000
4 1730470886 0.000000 1 0.000000 0.000000 0.000000
1 1730470887 9.000000 1 9.000000 9.000000 9.000000
2 1730470887 0.000000 1 0.000000 0.000000 0.000000
3 1730470887 1.000000 1 1.000000 1.000000 1.000000
4 1730470887 0.000000 1 0.000000 0.000000 0.000000
1 1730470888 9.000000 1 9.000000 9.000000 9.000000
2 1730470888 0.000000 1 0.000000 0.000000 0.000000
3 1730470888 1.000000 1 1.000000 1.000000 1.000000
4 1730470888 0.000000 1 0.000000 0.000000 0.000000
1 1730470889 8.000000 1 8.000000 8.000000 8.000000
2 1730470889 0.000000 1 0.000000 0.000000 0.000000
3 1730470889 2.000000 1 2.000000 2.000000 2.000000
4 1730470889 0.000000 1 0.000000 0.000000 0.000000
1 1730470890 8.000000 1 8.000000 8.000000 8.000000
2 1730470890 0.000000 1 0.000000 0.000000 0.000000
3 1730470890 2.000000 1 2.000000 2.000000 2.000000
4 1730470890 0.000000 1 0.000000 0.000000 0.000000
1 1730470891 8.000000 1 8.000000 8.000000 8.000000
2 1730470891 0.000000 1 0.000000 0.000000 0.000000
3 1730470891 2.000000 1 2.000000 2.000000 2.000000
4 1730470891 0.000000 1 0.000000 0.000000 0.000000
1 1730470892 8.000000 1 8.000000 8.000000 8.000000
2 1730470892 0.000000 1 0.000000 0.000000 0.000000
3 1730470892 2.000000 1 2.000000 2.000000 2.000000
4 1730470892 0.000000 1 0.000000 0.000000 0.000000
1 1730470893 6.000000 1 6.000000 6.000000 6.000000
2 1730470893 0.000000 1 0.000000 0.000000 0.000000
3 1730470893 4.000000 1 4.000000 4.000000 4.000000
4 1730470893 0.000000 1 0.000000 0.000000 0.000000
1 1730470894 6.000000 1 6.000000 6.000000 6.000000
2 1730470894 0.000000 1 0.000000 0.000000 0.000000
3 1730470894 4.000000 1 4.000000 4.000000 4.000000
4 1730470894 0.000000 1 0.000000 0.000000 0.000000
1 1730470896 5.000000 1 5.000000 5.000000 5.000000
2 1730470896 0.000000 1 0.000000 0.000000 0.000000
3 1730470896 5.000000 1 5.000000 5.000000 5.000000
4 1730470896 0.000000 1 0.000000 0.000000 0.000000
1 1730470897 3.000000 1 3.000000 3.000000 3.000000
2 1730470897 0.000000 1 0.000000 0.000000 0.000000
3 1730470897 7.000000 1 7.000000 7.000000 7.000000
4 1730470897 0.000000 1 0.000000 0.000000 0.000000
1 1730470898 2.000000 1 2.000000 2.000000 2.000000
2 1730470898 0.000000 1 0.000000 0.000000 0.000000
3 1730470898 8.000000 1 8.000000 8.000000 8.000000
4 1730470898 0.000000 1 0.000000 0.000000 0.000000
1 1730470899 2.000000 1 2.000000 2.000000 2.000000
2 1730470899 0.000000 1 0.000000 0.000000 0.000000
3 1730470899 8.000000 1 8.000000 8.000000 8.000000
4 1730470899 0.000000 1 0.000000 0.000000 0.000000
1 1730470900 2.000000 1 2.000000 2.000000 2.000000
2 1730470900 0.000000 1 0.000000 0.000000 0.000000
3 1730470900 8.000000 1 8.000000 8.000000 8.000000
4 1730470900 0.000000 1 0.000000 0.000000 0.000000
1 1730470901 2.000000 1 2.000000 2.000000 2.000000
2 1730470901 0.000000 1 0.000000 0.000000 0.000000
3 1730470901 8.000000 1 8.000000 8.000000 8.000000
4 1730470901 0.000000 1 0.000000 0.000000 0.000000
1 1730470902 2.000000 1 2.000000 2.000000 2.000000
2 1730470902 0.000000 1 0.000000 0.000000 0.000000
3 1730470902 8.000000 1 8.000000 8.000000 8.000000
4 1730470902 0.000000 1 0.000000 0.000000 0.000000
1 1730470903 2.000000 1 2.000000 2.000000 2.000000
2 1730470903 0.000000 1 0.000000 0.000000 0.000000
3 1730470903 8.000000 1 8.000000 8.000000 8.000000
4 1730470903 0.000000 1 0.000000 0.000000 0.000000
1 1730470904 2.000000 1 2.000000 2.000000 2.000000
2 1730470904 0.000000 1 0.000000 0.000000 0.000000
3 1730470904 8.000000 1 8.000000 8.000000 8.000000
4 1730470904 0.000000 1 0.000000 0.000000 0.000000
1 1730470905 1.000000 1 1.000000 1.000000 1.000000
2 1730470905 0.000000 1 0.000000 0.000000 0.000000
3 1730470905 9.000000 1 9.000000 9.000000 9.000000
4 1730470905 0.000000 1 0.000000 0.000000 0.000000
1 1730470906 1.000000 1 1.000000 1.000000 1.000000
2 1730470906 0.000000 1 0.000000 0.000000 0.000000
3 1730470906 9.000000 1 9.000000 9.000000 9.000000
4 1730470906 0.000000 1 0.000000 0.000000 0.000000
1 1730470907 1.000000 1 1.000000 1.000000 1.000000
2 1730470907 0.000000 1 0.000000 0.000000 0.000000
3 1730470907 9.000000 1 9.000000 9.000000 9.000000
4 1730470907 0.000000 1 0.000000 0.000000 0.000000
1 1730470908 0.000000 1 0.000000 0.000000 0.000000
2 1730470908 0.000000 1 0.000000 0.000000 0.000000
3 1730470908 10.000000 1 10.000000 10.000000 10.000000
4 1730470908 0.000000 1 0.000000 0.000000 0.000000
