5 1730473800 10.235283 1 10.235283 10.235283 10.235283
6 1730473800 85.695283 1 85.695283 85.695283 85.695283
7 1730473800 12.788332 1 12.788332 12.788332 12.788332
5 1730473805 5.322612 1 5.322612 5.322612 5.322612
6 1730473805 85.842260 1 85.842260 85.842260 85.842260
7 1730473805 2.775360 1 2.775360 2.775360 2.775360
5 1730473810 2.689708 1 2.689708 2.689708 2.689708
6 1730473810 85.374214 1 85.374214 85.374214 85.374214
7 1730473810 1.972724 1 1.972724 1.972724 1.972724
5 1730473815 3.847424 1 3.847424 3.847424 3.847424
6 1730473815 85.762149 1 85.762149 85.762149 85.762149
7 1730473815 2.404053 1 2.404053 2.404053 2.404053
5 1730473820 5.405938 1 5.405938 5.405938 5.405938
6 1730473820 86.005386 1 86.005386 86.005386 86.005386
7 1730473820 2.481229 1 2.481229 2.481229 2.481229
5 1730473825 4.202396 1 4.202396 4.202396 4.202396
6 1730473825 85.965798 1 85.965798 85.965798 85.965798
7 1730473825 1.661207 1 1.661207 1.661207 1.661207
5 1730473830 5.582629 1 5.582629 5.582629 5.582629
6 1730473830 85.456179 1 85.456179 85.456179 85.456179
7 1730473830 1.035398 1 1.035398 1.035398 1.035398
5 1730473835 5.193771 1 5.193771 5.193771 5.193771
6 1730473835 85.889967 1 85.889967 85.889967 85.889967
7 1730473835 1.496007 1 1.496007 1.496007 1.496007
5 1730473840 3.533143 1 3.533143 3.533143 3.533143
6 1730473840 85.838229 1 85.838229 85.838229 85.838229
7 1730473840 1.374608 1 1.374608 1.374608 1.374608
5 1730473845 2.765110 1 2.765110 2.765110 2.765110
6 1730473845 85.733995 1 85.733995 85.733995 85.733995
7 1730473845 2.041457 1 2.041457 2.041457 2.041457
5 1730473850 2.563747 1 2.563747 2.563747 2.563747
6 1730473850 85.736667 1 85.736667 85.736667 85.736667
7 1730473850 1.551921 1 1.551921 1.551921 1.551921
5 1730473855 2.658350 1 2.658350 2.658350 2.658350
6 1730473855 85.720707 1 85.720707 85.720707 85.720707
7 1730473855 1.761966 1 1.761966 1.761966 1.761966
5 1730473860 3.538846 1 3.538846 3.538846 3.538846
6 1730473860 85.744889 1 85.744889 85.744889 85.744889
7 1730473860 0.928913 1 0.928913 0.928913 0.928913
5 1730473865 3.702484 1 3.702484 3.702484 3.702484
6 1730473865 85.596496 1 85.596496 85.596496 85.596496
7 1730473865 2.246612 1 2.246612 2.246612 2.246612
5 1730473870 4.961257 1 4.961257 4.961257 4.961257
6 1730473870 85.626578 1 85.626578 85.626578 85.626578
7 1730473870 1.812621 1 1.812621 1.812621 1.812621
5 1730473875 3.252068 1 3.252068 3.252068 3.252068
6 1730473875 85.797123 1 85.797123 85.797123 85.797123
7 1730473875 1.365163 1 1.365163 1.365163 1.365163
5 1730473880 2.686527 1 2.686527 2.686527 2.686527
6 1730473880 85.971435 1 85.971435 85.971435 85.971435
7 1730473880 1.464818 1 1.464818 1.464818 1.464818
5 1730473885 2.884653 1 2.884653 2.884653 2.884653
6 1730473885 86.003240 1 86.003240 86.003240 86.003240
7 1730473885 1.685948 1 1.685948 1.685948 1.685948
5 1730473890 3.394555 1 3.394555 3.394555 3.394555
6 1730473890 85.970500 1 85.970500 85.970500 85.970500
7 1730473890 1.834400 1 1.834400 1.834400 1.834400
5 1730473895 2.970243 1 2.970243 2.970243 2.970243
6 1730473895 85.996449 1 85.996449 85.996449 85.996449
7 1730473895 2.210563 1 2.210563 2.210563 2.210563
5 1730473900 2.917564 1 2.917564 2.917564 2.917564
6 1730473900 86.009227 1 86.009227 86.009227 86.009227
7 1730473900 1.571029 1 1.571029 1.571029 1.571029
5 1730473905 3.561435 1 3.561435 3.561435 3.561435
6 1730473905 85.993850 1 85.993850 85.993850 85.993850
7 1730473905 1.884421 1 1.884421 1.884421 1.884421
5 1730473910 1.900398 1 1.900398 1.900398 1.900398
6 1730473910 86.037176 1 86.037176 86.037176 86.037176
7 1730473910 1.632130 1 1.632130 1.632130 1.632130
5 1730473915 3.586277 1 3.586277 3.586277 3.586277
6 1730473915 85.944917 1 85.944917 85.944917 85.944917
7 1730473915 2.134902 1 2.134902 2.134902 2.134902
5 1730473920 2.649448 1 2.649448 2.649448 2.649448
6 1730473920 85.841617 1 85.841617 85.841617 85.841617
7 1730473920 2.059205 1 2.059205 2.059205 2.059205
5 1730473925 2.891972 1 2.891972 2.891972 2.891972
6 1730473925 85.825437 1 85.825437 85.825437 85.825437
7 1730473925 1.862663 1 1.862663 1.862663 1.862663
5 1730473930 3.532980 1 3.532980 3.532980 3.532980
6 1730473930 85.822794 1 85.822794 85.822794 85.822794
7 1730473930 1.402582 1 1.402582 1.402582 1.402582
5 1730473935 5.688939 1 5.688939 5.688939 5.688939
6 1730473935 85.693590 1 85.693590 85.693590 85.693590
7 1730473935 2.380535 1 2.380535 2.380535 2.380535
5 1730473940 5.043989 1 5.043989 5.043989 5.043989
6 1730473940 86.330296 1 86.330296 86.330296 86.330296
7 1730473940 2.419379 1 2.419379 2.419379 2.419379
5 1730473945 3.995343 1 3.995343 3.995343 3.995343
6 1730473945 85.740888 1 85.740888 85.740888 85.740888
7 1730473945 1.642445 1 1.642445 1.642445 1.642445
5 1730473950 3.251487 1 3.251487 3.251487 3.251487
6 1730473950 85.672036 1 85.672036 85.672036 85.672036
7 1730473950 1.442360 1 1.442360 1.442360 1.442360
5 1730473955 4.678111 1 4.678111 4.678111 4.678111
6 1730473955 85.709317 1 85.709317 85.709317 85.709317
7 1730473955 2.437132 1 2.437132 2.437132 2.437132
5 1730473960 5.566562 1 5.566562 5.566562 5.566562
6 1730473960 85.691195 1 85.691195 85.691195 85.691195
7 1730473960 1.906698 1 1.906698 1.906698 1.906698
5 1730473965 4.481363 1 4.481363 4.481363 4.481363
6 1730473965 85.732652 1 85.732652 85.732652 85.732652
7 1730473965 2.306486 1 2.306486 2.306486 2.306486
5 1730473970 6.351295 1 6.351295 6.351295 6.351295
6 1730473970 85.673613 1 85.673613 85.673613 85.673613
7 1730473970 1.388307 1 1.388307 1.388307 1.388307
5 1730473975 14.352448 1 14.352448 14.352448 14.352448
6 1730473975 85.698657 1 85.698657 85.698657 85.698657
7 1730473975 3.095425 1 3.095425 3.095425 3.095425
5 1730473980 37.251679 1 37.251679 37.251679 37.251679
6 1730473980 85.725365 1 85.725365 85.725365 85.725365
7 1730473980 2.023329 1 2.023329 2.023329 2.023329
5 1730473985 65.543787 1 65.543787 65.543787 65.543787
6 1730473985 85.716633 1 85.716633 85.716633 85.716633
7 1730473985 2.723024 1 2.723024 2.723024 2.723024
5 1730473990 12.052059 1 12.052059 12.052059 12.052059
6 1730473990 85.586041 1 85.586041 85.586041 85.586041
7 1730473990 7.623955 1 7.623955 7.623955 7.623955
5 1730473995 29.831379 1 29.831379 29.831379 29.831379
6 1730473995 86.327858 1 86.327858 86.327858 86.327858
7 1730473995 3.393001 1 3.393001 3.393001 3.393001
5 1730474000 22.594236 1 22.594236 22.594236 22.594236
6 1730474000 86.686617 1 86.686617 86.686617 86.686617
7 1730474000 4.320118 1 4.320118 4.320118 4.320118
5 1730474005 3.729839 1 3.729839 3.729839 3.729839
6 1730474005 86.643539 1 86.643539 86.643539 86.643539
7 1730474005 2.415998 1 2.415998 2.415998 2.415998
5 1730474010 2.553109 1 2.553109 2.553109 2.553109
6 1730474010 86.549833 1 86.549833 86.549833 86.549833
7 1730474010 1.220144 1 1.220144 1.220144 1.220144
5 1730474015 3.640597 1 3.640597 3.640597 3.640597
6 1730474015 86.753234 1 86.753234 86.753234 86.753234
7 1730474015 1.907755 1 1.907755 1.907755 1.907755
5 1730474020 2.799563 1 2.799563 2.799563 2.799563
6 1730474020 86.964273 1 86.964273 86.964273 86.964273
7 1730474020 1.845992 1 1.845992 1.845992 1.845992
5 1730474025 3.127604 1 3.127604 3.127604 3.127604
6 1730474025 86.941755 1 86.941755 86.941755 86.941755
7 1730474025 3.275388 1 3.275388 3.275388 3.275388
5 1730474030 3.802921 1 3.802921 3.802921 3.802921
6 1730474030 86.865909 1 86.865909 86.865909 86.865909
7 1730474030 1.407727 1 1.407727 1.407727 1.407727
5 1730474035 5.506333 1 5.506333 5.506333 5.506333
6 1730474035 86.659938 1 86.659938 86.659938 86.659938
7 1730474035 1.866237 1 1.866237 1.866237 1.866237
5 1730474040 11.455584 1 11.455584 11.455584 11.455584
6 1730474040 87.106561 1 87.106561 87.106561 87.106561
7 1730474040 1.961739 1 1.961739 1.961739 1.961739
5 1730474045 12.906470 1 12.906470 12.906470 12.906470
6 1730474045 87.768794 1 87.768794 87.768794 87.768794
7 1730474045 3.491184 1 3.491184 3.491184 3.491184
5 1730474050 17.405583 1 17.405583 17.405583 17.405583
6 1730474050 87.685617 1 87.685617 87.685617 87.685617
7 1730474050 1.461148 1 1.461148 1.461148 1.461148
5 1730474055 7.275689 1 7.275689 7.275689 7.275689
6 1730474055 87.651081 1 87.651081 87.651081 87.651081
7 1730474055 2.091964 1 2.091964 2.091964 2.091964
5 1730474060 6.260733 1 6.260733 6.260733 6.260733
6 1730474060 87.576666 1 87.576666 87.576666 87.576666
7 1730474060 2.010061 1 2.010061 2.010061 2.010061
5 1730474065 14.527352 1 14.527352 14.527352 14.527352
6 1730474065 87.585033 1 87.585033 87.585033 87.585033
7 1730474065 1.919562 1 1.919562 1.919562 1.919562
5 1730474070 16.110111 1 16.110111 16.110111 16.110111
6 1730474070 88.442212 1 88.442212 88.442212 88.442212
7 1730474070 30.132901 1 30.132901 30.132901 30.132901
5 1730474075 25.309748 1 25.309748 25.309748 25.309748
6 1730474075 88.237307 1 88.237307 88.237307 88.237307
7 1730474075 16.030205 1 16.030205 16.030205 16.030205
5 1730474080 9.736107 1 9.736107 9.736107 9.736107
6 1730474080 88.140520 1 88.140520 88.140520 88.140520
7 1730474080 13.611118 1 13.611118 13.611118 13.611118
5 1730474085 6.068915 1 6.068915 6.068915 6.068915
6 1730474085 87.965390 1 87.965390 87.965390 87.965390
7 1730474085 2.190165 1 2.190165 2.190165 2.190165
5 1730474090 4.678237 1 4.678237 4.678237 4.678237
6 1730474090 87.573045 1 87.573045 87.573045 87.573045
7 1730474090 100.000000 1 100.000000 100.000000 100.000000
5 1730474095 55.706502 1 55.706502 55.706502 55.706502
6 1730474095 88.163286 1 88.163286 88.163286 88.163286
7 1730474095 5.173722 1 5.173722 5.173722 5.173722
5 1730474100 65.672588 1 65.672588 65.672588 65.672588
6 1730474100 87.894231 1 87.894231 87.894231 87.894231
7 1730474100 1.385287 1 1.385287 1.385287 1.385287
5 1730474105 15.152619 1 15.152619 15.152619 15.152619
6 1730474105 87.882943 1 87.882943 87.882943 87.882943
7 1730474105 2.715917 1 2.715917 2.715917 2.715917
5 1730474110 50.217320 1 50.217320 50.217320 50.217320
6 1730474110 87.858673 1 87.858673 87.858673 87.858673
7 1730474110 2.279863 1 2.279863 2.279863 2.279863
5 1730474115 17.385464 1 17.385464 17.385464 17.385464
6 1730474115 87.860572 1 87.860572 87.860572 87.860572
7 1730474115 2.009241 1 2.009241 2.009241 2.009241
5 1730474120 21.967264 1 21.967264 21.967264 21.967264
6 1730474120 87.852599 1 87.852599 87.852599 87.852599
7 1730474120 2.001050 1 2.001050 2.001050 2.001050
5 1730474125 62.744908 1 62.744908 62.744908 62.744908
6 1730474125 87.774021 1 87.774021 87.774021 87.774021
7 1730474125 2.474625 1 2.474625 2.474625 2.474625
5 1730474130 20.896052 1 20.896052 20.896052 20.896052
6 1730474130 87.701738 1 87.701738 87.701738 87.701738
7 1730474130 2.577267 1 2.577267 2.577267 2.577267
5 1730474135 34.182346 1 34.182346 34.182346 34.182346
6 1730474135 87.816997 1 87.816997 87.816997 87.816997
7 1730474135 3.155354 1 3.155354 3.155354 3.155354
5 1730474140 11.643648 1 11.643648 11.643648 11.643648
6 1730474140 87.756659 1 87.756659 87.756659 87.756659
7 1730474140 2.346319 1 2.346319 2.346319 2.346319
5 1730474145 14.831973 1 14.831973 14.831973 14.831973
6 1730474145 87.762485 1 87.762485 87.762485 87.762485
7 1730474145 1.210684 1 1.210684 1.210684 1.210684
5 1730474150 9.801100 1 9.801100 9.801100 9.801100
6 1730474150 87.744480 1 87.744480 87.744480 87.744480
7 1730474150 2.333466 1 2.333466 2.333466 2.333466
5 1730474155 18.057808 1 18.057808 18.057808 18.057808
6 1730474155 87.735704 1 87.735704 87.735704 87.735704
7 1730474155 1.764532 1 1.764532 1.764532 1.764532
5 1730474160 12.024311 1 12.024311 12.024311 12.024311
6 1730474160 87.843340 1 87.843340 87.843340 87.843340
7 1730474160 2.775581 1 2.775581 2.775581 2.775581
5 1730474165 48.183711 1 48.183711 48.183711 48.183711
6 1730474165 80.134444 1 80.134444 80.134444 80.134444
7 1730474165 14.334117 1 14.334117 14.334117 14.334117
5 1730474170 12.153690 1 12.153690 12.153690 12.153690
6 1730474170 79.024666 1 79.024666 79.024666 79.024666
7 1730474170 12.340453 1 12.340453 12.340453 12.340453
5 1730474175 16.255149 1 16.255149 16.255149 16.255149
6 1730474175 81.912663 1 81.912663 81.912663 81.912663
7 1730474175 2.768763 1 2.768763 2.768763 2.768763
5 1730474180 4.746482 1 4.746482 4.746482 4.746482
6 1730474180 81.984636 1 81.984636 81.984636 81.984636
7 1730474180 2.739650 1 2.739650 2.739650 2.739650
5 1730474185 4.893574 1 4.893574 4.893574 4.893574
6 1730474185 81.957304 1 81.957304 81.957304 81.957304
7 1730474185 6.043799 1 6.043799 6.043799 6.043799
5 1730474190 3.492330 1 3.492330 3.492330 3.492330
6 1730474190 82.009754 1 82.009754 82.009754 82.009754
7 1730474190 1.129891 1 1.129891 1.129891 1.129891
5 1730474195 5.246582 1 5.246582 5.246582 5.246582
6 1730474195 81.921594 1 81.921594 81.921594 81.921594
7 1730474195 2.480317 1 2.480317 2.480317 2.480317
5 1730474200 3.319663 1 3.319663 3.319663 3.319663
6 1730474200 81.926366 1 81.926366 81.926366 81.926366
7 1730474200 2.685552 1 2.685552 2.685552 2.685552
5 1730474205 5.567125 1 5.567125 5.567125 5.567125
6 1730474205 81.985788 1 81.985788 81.985788 81.985788
7 1730474205 2.319701 1 2.319701 2.319701 2.319701
5 1730474210 3.441959 1 3.441959 3.441959 3.441959
6 1730474210 81.977186 1 81.977186 81.977186 81.977186
7 1730474210 1.382532 1 1.382532 1.382532 1.382532
5 1730474215 4.736169 1 4.736169 4.736169 4.736169
6 1730474215 82.055651 1 82.055651 82.055651 82.055651
7 1730474215 1.660970 1 1.660970 1.660970 1.660970
5 1730474220 4.149926 1 4.149926 4.149926 4.149926
6 1730474220 81.864566 1 81.864566 81.864566 81.864566
7 1730474220 1.406335 1 1.406335 1.406335 1.406335
5 1730474225 5.405897 1 5.405897 5.405897 5.405897
6 1730474225 81.866361 1 81.866361 81.866361 81.866361
7 1730474225 1.334040 1 1.334040 1.334040 1.334040
5 1730474230 7.222222 1 7.222222 7.222222 7.222222
6 1730474230 81.828064 1 81.828064 81.828064 81.828064
7 1730474230 1.515977 1 1.515977 1.515977 1.515977
5 1730474235 29.401424 1 29.401424 29.401424 29.401424
6 1730474235 78.797842 1 78.797842 78.797842 78.797842
7 1730474235 1.546257 1 1.546257 1.546257 1.546257
5 1730474240 13.219692 1 13.219692 13.219692 13.219692
6 1730474240 78.975014 1 78.975014 78.975014 78.975014
7 1730474240 1.771656 1 1.771656 1.771656 1.771656
5 1730474245 18.952295 1 18.952295 18.952295 18.952295
6 1730474245 78.838728 1 78.838728 78.838728 78.838728
7 1730474245 1.822008 1 1.822008 1.822008 1.822008
5 1730474250 43.425527 1 43.425527 43.425527 43.425527
6 1730474250 78.868738 1 78.868738 78.868738 78.868738
7 1730474250 2.342350 1 2.342350 2.342350 2.342350
5 1730474255 14.931652 1 14.931652 14.931652 14.931652
6 1730474255 81.924481 1 81.924481 81.924481 81.924481
7 1730474255 3.440697 1 3.440697 3.440697 3.440697
5 1730474260 15.465739 1 15.465739 15.465739 15.465739
6 1730474260 81.413550 1 81.413550 81.413550 81.413550
7 1730474260 1.638507 1 1.638507 1.638507 1.638507
5 1730474265 29.943337 1 29.943337 29.943337 29.943337
6 1730474265 82.552670 1 82.552670 82.552670 82.552670
7 1730474265 1.934327 1 1.934327 1.934327 1.934327
5 1730474270 12.736431 1 12.736431 12.736431 12.736431
6 1730474270 78.844278 1 78.844278 78.844278 78.844278
7 1730474270 1.152037 1 1.152037 1.152037 1.152037
5 1730474275 12.182926 1 12.182926 12.182926 12.182926
6 1730474275 79.460575 1 79.460575 79.460575 79.460575
7 1730474275 2.187175 1 2.187175 2.187175 2.187175
5 1730474280 13.783514 1 13.783514 13.783514 13.783514
6 1730474280 81.165292 1 81.165292 81.165292 81.165292
7 1730474280 3.275365 1 3.275365 3.275365 3.275365
5 1730474285 2.415774 1 2.415774 2.415774 2.415774
6 1730474285 81.135338 1 81.135338 81.135338 81.135338
7 1730474285 1.966802 1 1.966802 1.966802 1.966802
5 1730474290 3.395161 1 3.395161 3.395161 3.395161
6 1730474290 81.134273 1 81.134273 81.134273 81.134273
7 1730474290 1.700766 1 1.700766 1.700766 1.700766
5 1730474295 3.294832 1 3.294832 3.294832 3.294832
6 1730474295 81.526158 1 81.526158 81.526158 81.526158
7 1730474295 1.601494 1 1.601494 1.601494 1.601494
5 1730474300 4.819496 1 4.819496 4.819496 4.819496
6 1730474300 81.512007 1 81.512007 81.512007 81.512007
7 1730474300 1.282706 1 1.282706 1.282706 1.282706
5 1730474305 4.135574 1 4.135574 4.135574 4.135574
6 1730474305 81.481003 1 81.481003 81.481003 81.481003
7 1730474305 1.687813 1 1.687813 1.687813 1.687813
5 1730474310 4.111262 1 4.111262 4.111262 4.111262
6 1730474310 81.482218 1 81.482218 81.482218 81.482218
7 1730474310 1.364428 1 1.364428 1.364428 1.364428
5 1730474315 4.900256 1 4.900256 4.900256 4.900256
6 1730474315 81.624437 1 81.624437 81.624437 81.624437
7 1730474315 8.636438 1 8.636438 8.636438 8.636438
5 1730474320 4.074975 1 4.074975 4.074975 4.074975
6 1730474320 81.376346 1 81.376346 81.376346 81.376346
7 1730474320 0.940807 1 0.940807 0.940807 0.940807
5 1730474325 4.538286 1 4.538286 4.538286 4.538286
6 1730474325 81.230001 1 81.230001 81.230001 81.230001
7 1730474325 1.646355 1 1.646355 1.646355 1.646355
5 1730474330 6.291087 1 6.291087 6.291087 6.291087
6 1730474330 81.481648 1 81.481648 81.481648 81.481648
7 1730474330 1.416347 1 1.416347 1.416347 1.416347
5 1730474335 4.407662 1 4.407662 4.407662 4.407662
6 1730474335 81.466897 1 81.466897 81.466897 81.466897
7 1730474335 1.020080 1 1.020080 1.020080 1.020080
5 1730474340 6.377211 1 6.377211 6.377211 6.377211
6 1730474340 81.401317 1 81.401317 81.401317 81.401317
7 1730474340 2.865021 1 2.865021 2.865021 2.865021
5 1730474345 4.628109 1 4.628109 4.628109 4.628109
6 1730474345 81.454441 1 81.454441 81.454441 81.454441
7 1730474345 1.882235 1 1.882235 1.882235 1.882235
5 1730474350 3.533528 1 3.533528 3.533528 3.533528
6 1730474350 81.470528 1 81.470528 81.470528 81.470528
7 1730474350 2.483006 1 2.483006 2.483006 2.483006
5 1730474355 4.115201 1 4.115201 4.115201 4.115201
6 1730474355 81.234923 1 81.234923 81.234923 81.234923
7 1730474355 2.254938 1 2.254938 2.254938 2.254938
5 1730474360 4.393240 1 4.393240 4.393240 4.393240
6 1730474360 81.234698 1 81.234698 81.234698 81.234698
7 1730474360 8.065881 1 8.065881 8.065881 8.065881
5 1730474365 3.892635 1 3.892635 3.892635 3.892635
6 1730474365 81.469748 1 81.469748 81.469748 81.469748
7 1730474365 1.859761 1 1.859761 1.859761 1.859761
5 1730474370 9.413982 1 9.413982 9.413982 9.413982
6 1730474370 81.487636 1 81.487636 81.487636 81.487636
7 1730474370 2.473352 1 2.473352 2.473352 2.473352
5 1730474375 9.597581 1 9.597581 9.597581 9.597581
6 1730474375 81.122868 1 81.122868 81.122868 81.122868
7 1730474375 2.473369 1 2.473369 2.473369 2.473369
5 1730474380 4.454209 1 4.454209 4.454209 4.454209
6 1730474380 80.752007 1 80.752007 80.752007 80.752007
7 1730474380 1.959555 1 1.959555 1.959555 1.959555
5 1730474385 4.106772 1 4.106772 4.106772 4.106772
6 1730474385 81.137409 1 81.137409 81.137409 81.137409
7 1730474385 2.091625 1 2.091625 2.091625 2.091625
5 1730474390 6.655847 1 6.655847 6.655847 6.655847
6 1730474390 80.979569 1 80.979569 80.979569 80.979569
7 1730474390 2.830324 1 2.830324 2.830324 2.830324
5 1730474395 6.123809 1 6.123809 6.123809 6.123809
6 1730474395 81.008187 1 81.008187 81.008187 81.008187
7 1730474395 2.090036 1 2.090036 2.090036 2.090036
5 1730474400 4.626013 1 4.626013 4.626013 4.626013
6 1730474400 80.936860 1 80.936860 80.936860 80.936860
7 1730474400 1.935390 1 1.935390 1.935390 1.935390
5 1730474405 6.630244 1 6.630244 6.630244 6.630244
6 1730474405 80.943027 1 80.943027 80.943027 80.943027
7 1730474405 2.062823 1 2.062823 2.062823 2.062823
5 1730474410 9.073941 1 9.073941 9.073941 9.073941
6 1730474410 80.938901 1 80.938901 80.938901 80.938901
7 1730474410 2.376073 1 2.376073 2.376073 2.376073
5 1730474415 4.777606 1 4.777606 4.777606 4.777606
6 1730474415 80.928936 1 80.928936 80.928936 80.928936
7 1730474415 2.872500 1 2.872500 2.872500 2.872500
5 1730474420 7.675064 1 7.675064 7.675064 7.675064
6 1730474420 80.983576 1 80.983576 80.983576 80.983576
7 1730474420 2.407985 1 2.407985 2.407985 2.407985
5 1730474425 3.875582 1 3.875582 3.875582 3.875582
6 1730474425 80.985001 1 80.985001 80.985001 80.985001
7 1730474425 2.361695 1 2.361695 2.361695 2.361695
5 1730474430 4.934091 1 4.934091 4.934091 4.934091
6 1730474430 81.467692 1 81.467692 81.467692 81.467692
7 1730474430 2.030933 1 2.030933 2.030933 2.030933
5 1730474435 7.013397 1 7.013397 7.013397 7.013397
6 1730474435 81.356852 1 81.356852 81.356852 81.356852
7 1730474435 3.851944 1 3.851944 3.851944 3.851944
5 1730474440 4.980130 1 4.980130 4.980130 4.980130
6 1730474440 81.144553 1 81.144553 81.144553 81.144553
7 1730474440 2.654254 1 2.654254 2.654254 2.654254
5 1730474445 4.348849 1 4.348849 4.348849 4.348849
6 1730474445 81.050055 1 81.050055 81.050055 81.050055
7 1730474445 1.825665 1 1.825665 1.825665 1.825665
5 1730474450 6.268061 1 6.268061 6.268061 6.268061
6 1730474450 81.002034 1 81.002034 81.002034 81.002034
7 1730474450 2.143312 1 2.143312 2.143312 2.143312
5 1730474455 6.344313 1 6.344313 6.344313 6.344313
6 1730474455 80.946779 1 80.946779 80.946779 80.946779
7 1730474455 2.070700 1 2.070700 2.070700 2.070700
5 1730474460 7.199421 1 7.199421 7.199421 7.199421
6 1730474460 80.918326 1 80.918326 80.918326 80.918326
7 1730474460 1.646694 1 1.646694 1.646694 1.646694
5 1730474465 4.988859 1 4.988859 4.988859 4.988859
6 1730474465 80.887938 1 80.887938 80.887938 80.887938
7 1730474465 1.903780 1 1.903780 1.903780 1.903780
5 1730474470 5.273154 1 5.273154 5.273154 5.273154
6 1730474470 80.874207 1 80.874207 80.874207 80.874207
7 1730474470 2.512895 1 2.512895 2.512895 2.512895
5 1730474475 13.844903 1 13.844903 13.844903 13.844903
6 1730474475 79.380219 1 79.380219 79.380219 79.380219
7 1730474475 2.506710 1 2.506710 2.506710 2.506710
5 1730474480 8.991429 1 8.991429 8.991429 8.991429
6 1730474480 82.578909 1 82.578909 82.578909 82.578909
7 1730474480 2.308761 1 2.308761 2.308761 2.308761
5 1730474485 4.781195 1 4.781195 4.781195 4.781195
6 1730474485 82.583394 1 82.583394 82.583394 82.583394
7 1730474485 1.937977 1 1.937977 1.937977 1.937977
5 1730474490 5.353980 1 5.353980 5.353980 5.353980
6 1730474490 82.632033 1 82.632033 82.632033 82.632033
7 1730474490 2.060953 1 2.060953 2.060953 2.060953
5 1730474495 4.492945 1 4.492945 4.492945 4.492945
6 1730474495 82.612598 1 82.612598 82.612598 82.612598
7 1730474495 1.927077 1 1.927077 1.927077 1.927077
5 1730474500 5.854533 1 5.854533 5.854533 5.854533
6 1730474500 82.606271 1 82.606271 82.606271 82.606271
7 1730474500 1.798274 1 1.798274 1.798274 1.798274
5 1730474505 5.337959 1 5.337959 5.337959 5.337959
6 1730474505 82.606966 1 82.606966 82.606966 82.606966
7 1730474505 1.150617 1 1.150617 1.150617 1.150617
5 1730474510 3.823702 1 3.823702 3.823702 3.823702
6 1730474510 82.663185 1 82.663185 82.663185 82.663185
7 1730474510 1.924536 1 1.924536 1.924536 1.924536
5 1730474515 7.907855 1 7.907855 7.907855 7.907855
6 1730474515 82.647934 1 82.647934 82.647934 82.647934
7 1730474515 1.892096 1 1.892096 1.892096 1.892096
5 1730474520 5.906288 1 5.906288 5.906288 5.906288
6 1730474520 82.663004 1 82.663004 82.663004 82.663004
7 1730474520 1.685327 1 1.685327 1.685327 1.685327
5 1730474525 7.509592 1 7.509592 7.509592 7.509592
6 1730474525 82.513885 1 82.513885 82.513885 82.513885
7 1730474525 2.154900 1 2.154900 2.154900 2.154900
5 1730474530 9.419558 1 9.419558 9.419558 9.419558
6 1730474530 82.542305 1 82.542305 82.542305 82.542305
7 1730474530 1.394101 1 1.394101 1.394101 1.394101
5 1730474535 7.771862 1 7.771862 7.771862 7.771862
6 1730474535 82.504583 1 82.504583 82.504583 82.504583
7 1730474535 1.538193 1 1.538193 1.538193 1.538193
5 1730474540 8.847125 1 8.847125 8.847125 8.847125
6 1730474540 82.583952 1 82.583952 82.583952 82.583952
7 1730474540 1.956480 1 1.956480 1.956480 1.956480
5 1730474545 12.572927 1 12.572927 12.572927 12.572927
6 1730474545 82.589177 1 82.589177 82.589177 82.589177
7 1730474545 1.880638 1 1.880638 1.880638 1.880638
5 1730474550 9.773301 1 9.773301 9.773301 9.773301
6 1730474550 82.668108 1 82.668108 82.668108 82.668108
7 1730474550 4.151459 1 4.151459 4.151459 4.151459
5 1730474555 4.743045 1 4.743045 4.743045 4.743045
6 1730474555 82.489196 1 82.489196 82.489196 82.489196
7 1730474555 4.377690 1 4.377690 4.377690 4.377690
5 1730474560 10.726660 1 10.726660 10.726660 10.726660
6 1730474560 83.040837 1 83.040837 83.040837 83.040837
7 1730474560 2.443113 1 2.443113 2.443113 2.443113
5 1730474565 3.237628 1 3.237628 3.237628 3.237628
6 1730474565 82.941022 1 82.941022 82.941022 82.941022
7 1730474565 1.700520 1 1.700520 1.700520 1.700520
5 1730474570 7.060721 1 7.060721 7.060721 7.060721
6 1730474570 82.942320 1 82.942320 82.942320 82.942320
7 1730474570 2.026367 1 2.026367 2.026367 2.026367
5 1730474575 4.158240 1 4.158240 4.158240 4.158240
6 1730474575 83.007978 1 83.007978 83.007978 83.007978
7 1730474575 1.894100 1 1.894100 1.894100 1.894100
5 1730474580 4.339423 1 4.339423 4.339423 4.339423
6 1730474580 83.663979 1 83.663979 83.663979 83.663979
7 1730474580 2.891826 1 2.891826 2.891826 2.891826
5 1730474585 3.656335 1 3.656335 3.656335 3.656335
6 1730474585 83.240422 1 83.240422 83.240422 83.240422
7 1730474585 1.419319 1 1.419319 1.419319 1.419319
5 1730474590 5.352983 1 5.352983 5.352983 5.352983
6 1730474590 83.076127 1 83.076127 83.076127 83.076127
7 1730474590 1.634863 1 1.634863 1.634863 1.634863
5 1730474595 3.367901 1 3.367901 3.367901 3.367901
6 1730474595 83.048206 1 83.048206 83.048206 83.048206
7 1730474595 6.701807 1 6.701807 6.701807 6.701807
5 1730474600 3.098868 1 3.098868 3.098868 3.098868
6 1730474600 83.021870 1 83.021870 83.021870 83.021870
7 1730474600 2.012516 1 2.012516 2.012516 2.012516
5 1730474605 2.667999 1 2.667999 2.667999 2.667999
6 1730474605 82.897653 1 82.897653 82.897653 82.897653
7 1730474605 1.876050 1 1.876050 1.876050 1.876050
5 1730474610 2.271706 1 2.271706 2.271706 2.271706
6 1730474610 83.223358 1 83.223358 83.223358 83.223358
7 1730474610 1.857595 1 1.857595 1.857595 1.857595
5 1730474615 1.443351 1 1.443351 1.443351 1.443351
6 1730474615 83.004686 1 83.004686 83.004686 83.004686
7 1730474615 2.430180 1 2.430180 2.430180 2.430180
5 1730474620 3.382140 1 3.382140 3.382140 3.382140
6 1730474620 82.969199 1 82.969199 82.969199 82.969199
7 1730474620 1.770965 1 1.770965 1.770965 1.770965
5 1730474625 1.845518 1 1.845518 1.845518 1.845518
6 1730474625 82.976795 1 82.976795 82.976795 82.976795
7 1730474625 1.621113 1 1.621113 1.621113 1.621113
5 1730474630 2.851103 1 2.851103 2.851103 2.851103
6 1730474630 82.936960 1 82.936960 82.936960 82.936960
7 1730474630 1.349807 1 1.349807 1.349807 1.349807
5 1730474635 2.556083 1 2.556083 2.556083 2.556083
6 1730474635 82.929002 1 82.929002 82.929002 82.929002
7 1730474635 2.720840 1 2.720840 2.720840 2.720840
5 1730474640 1.986070 1 1.986070 1.986070 1.986070
6 1730474640 82.924471 1 82.924471 82.924471 82.924471
7 1730474640 2.125516 1 2.125516 2.125516 2.125516
5 1730474645 3.583402 1 3.583402 3.583402 3.583402
6 1730474645 82.905037 1 82.905037 82.905037 82.905037
7 1730474645 1.367547 1 1.367547 1.367547 1.367547
5 1730474650 7.772467 1 7.772467 7.772467 7.772467
6 1730474650 82.906381 1 82.906381 82.906381 82.906381
7 1730474650 2.776985 1 2.776985 2.776985 2.776985
5 1730474655 11.153666 1 11.153666 11.153666 11.153666
6 1730474655 82.899148 1 82.899148 82.899148 82.899148
7 1730474655 1.532652 1 1.532652 1.532652 1.532652
5 1730474660 12.252903 1 12.252903 12.252903 12.252903
6 1730474660 82.844106 1 82.844106 82.844106 82.844106
7 1730474660 2.784460 1 2.784460 2.784460 2.784460
5 1730474665 5.509610 1 5.509610 5.509610 5.509610
6 1730474665 82.835181 1 82.835181 82.835181 82.835181
7 1730474665 2.268474 1 2.268474 2.268474 2.268474
5 1730474670 4.748978 1 4.748978 4.748978 4.748978
6 1730474670 82.866576 1 82.866576 82.866576 82.866576
7 1730474670 2.631014 1 2.631014 2.631014 2.631014
5 1730474675 4.697125 1 4.697125 4.697125 4.697125
6 1730474675 82.878686 1 82.878686 82.878686 82.878686
7 1730474675 3.103082 1 3.103082 3.103082 3.103082
5 1730474680 10.359096 1 10.359096 10.359096 10.359096
6 1730474680 79.784251 1 79.784251 79.784251 79.784251
7 1730474680 1.474474 1 1.474474 1.474474 1.474474
5 1730474685 3.264379 1 3.264379 3.264379 3.264379
6 1730474685 79.755741 1 79.755741 79.755741 79.755741
7 1730474685 1.134037 1 1.134037 1.134037 1.134037
5 1730474690 5.301733 1 5.301733 5.301733 5.301733
6 1730474690 79.773334 1 79.773334 79.773334 79.773334
7 1730474690 1.611167 1 1.611167 1.611167 1.611167
5 1730474695 3.165923 1 3.165923 3.165923 3.165923
6 1730474695 79.814604 1 79.814604 79.814604 79.814604
7 1730474695 1.623285 1 1.623285 1.623285 1.623285
5 1730474700 2.823198 1 2.823198 2.823198 2.823198
6 1730474700 79.774255 1 79.774255 79.774255 79.774255
7 1730474700 2.032772 1 2.032772 2.032772 2.032772
5 1730474705 1.946222 1 1.946222 1.946222 1.946222
6 1730474705 79.737892 1 79.737892 79.737892 79.737892
7 1730474705 1.492645 1 1.492645 1.492645 1.492645
5 1730474710 18.594554 1 18.594554 18.594554 18.594554
6 1730474710 79.752117 1 79.752117 79.752117 79.752117
7 1730474710 2.492325 1 2.492325 2.492325 2.492325
5 1730474715 7.939941 1 7.939941 7.939941 7.939941
6 1730474715 79.753129 1 79.753129 79.753129 79.753129
7 1730474715 1.219395 1 1.219395 1.219395 1.219395
5 1730474720 18.037566 1 18.037566 18.037566 18.037566
6 1730474720 79.660079 1 79.660079 79.660079 79.660079
7 1730474720 2.570030 1 2.570030 2.570030 2.570030
5 1730474725 6.617947 1 6.617947 6.617947 6.617947
6 1730474725 79.661755 1 79.661755 79.661755 79.661755
7 1730474725 1.876805 1 1.876805 1.876805 1.876805
5 1730474730 14.209246 1 14.209246 14.209246 14.209246
6 1730474730 79.652393 1 79.652393 79.652393 79.652393
7 1730474730 1.286966 1 1.286966 1.286966 1.286966
5 1730474735 9.065404 1 9.065404 9.065404 9.065404
6 1730474735 79.907321 1 79.907321 79.907321 79.907321
7 1730474735 5.944099 1 5.944099 5.944099 5.944099
5 1730474740 14.008779 1 14.008779 14.008779 14.008779
6 1730474740 80.047516 1 80.047516 80.047516 80.047516
7 1730474740 2.656179 1 2.656179 2.656179 2.656179
5 1730474745 10.812609 1 10.812609 10.812609 10.812609
6 1730474745 79.909647 1 79.909647 79.909647 79.909647
7 1730474745 1.449596 1 1.449596 1.449596 1.449596
5 1730474750 12.573178 1 12.573178 12.573178 12.573178
6 1730474750 79.911383 1 79.911383 79.911383 79.911383
7 1730474750 2.639580 1 2.639580 2.639580 2.639580
5 1730474755 15.466354 1 15.466354 15.466354 15.466354
6 1730474755 79.934669 1 79.934669 79.934669 79.934669
7 1730474755 2.129065 1 2.129065 2.129065 2.129065
5 1730474760 17.354763 1 17.354763 17.354763 17.354763
6 1730474760 82.907544 1 82.907544 82.907544 82.907544
7 1730474760 2.320256 1 2.320256 2.320256 2.320256
5 1730474765 15.156150 1 15.156150 15.156150 15.156150
6 1730474765 82.995822 1 82.995822 82.995822 82.995822
7 1730474765 1.594906 1 1.594906 1.594906 1.594906
5 1730474770 11.699699 1 11.699699 11.699699 11.699699
6 1730474770 79.793191 1 79.793191 79.793191 79.793191
7 1730474770 2.478175 1 2.478175 2.478175 2.478175
5 1730474775 9.198345 1 9.198345 9.198345 9.198345
6 1730474775 79.774466 1 79.774466 79.774466 79.774466
7 1730474775 1.213045 1 1.213045 1.213045 1.213045
5 1730474780 6.103921 1 6.103921 6.103921 6.103921
6 1730474780 79.829689 1 79.829689 79.829689 79.829689
7 1730474780 1.665145 1 1.665145 1.665145 1.665145
5 1730474785 4.999965 1 4.999965 4.999965 4.999965
6 1730474785 79.726507 1 79.726507 79.726507 79.726507
7 1730474785 2.211666 1 2.211666 2.211666 2.211666
5 1730474790 11.202840 1 11.202840 11.202840 11.202840
6 1730474790 80.996665 1 80.996665 80.996665 80.996665
7 1730474790 2.859122 1 2.859122 2.859122 2.859122
5 1730474795 3.121787 1 3.121787 3.121787 3.121787
6 1730474795 81.329302 1 81.329302 81.329302 81.329302
7 1730474795 2.759321 1 2.759321 2.759321 2.759321
5 1730474800 6.315590 1 6.315590 6.315590 6.315590
6 1730474800 82.024942 1 82.024942 82.024942 82.024942
7 1730474800 23.633517 1 23.633517 23.633517 23.633517
5 1730474805 4.083691 1 4.083691 4.083691 4.083691
6 1730474805 80.973123 1 80.973123 80.973123 80.973123
7 1730474805 2.503438 1 2.503438 2.503438 2.503438
5 1730474810 11.603105 1 11.603105 11.603105 11.603105
6 1730474810 81.752452 1 81.752452 81.752452 81.752452
7 1730474810 8.025807 1 8.025807 8.025807 8.025807
5 1730474815 9.564234 1 9.564234 9.564234 9.564234
6 1730474815 82.565379 1 82.565379 82.565379 82.565379
7 1730474815 7.836930 1 7.836930 7.836930 7.836930
5 1730474820 6.482655 1 6.482655 6.482655 6.482655
6 1730474820 82.165378 1 82.165378 82.165378 82.165378
7 1730474820 2.895565 1 2.895565 2.895565 2.895565
5 1730474825 4.965835 1 4.965835 4.965835 4.965835
6 1730474825 82.001582 1 82.001582 82.001582 82.001582
7 1730474825 3.686577 1 3.686577 3.686577 3.686577
5 1730474830 6.223684 1 6.223684 6.223684 6.223684
6 1730474830 82.110291 1 82.110291 82.110291 82.110291
7 1730474830 19.648413 1 19.648413 19.648413 19.648413
5 1730474835 8.112219 1 8.112219 8.112219 8.112219
6 1730474835 83.569313 1 83.569313 83.569313 83.569313
7 1730474835 13.378319 1 13.378319 13.378319 13.378319
5 1730474840 9.168210 1 9.168210 9.168210 9.168210
6 1730474840 83.572771 1 83.572771 83.572771 83.572771
7 1730474840 8.413202 1 8.413202 8.413202 8.413202
5 1730474845 6.629173 1 6.629173 6.629173 6.629173
6 1730474845 83.016827 1 83.016827 83.016827 83.016827
7 1730474845 2.091735 1 2.091735 2.091735 2.091735
5 1730474850 5.394930 1 5.394930 5.394930 5.394930
6 1730474850 82.872616 1 82.872616 82.872616 82.872616
7 1730474850 3.104217 1 3.104217 3.104217 3.104217
5 1730474855 4.996500 1 4.996500 4.996500 4.996500
6 1730474855 83.110813 1 83.110813 83.110813 83.110813
7 1730474855 3.465668 1 3.465668 3.465668 3.465668
5 1730474860 3.017855 1 3.017855 3.017855 3.017855
6 1730474860 82.558734 1 82.558734 82.558734 82.558734
7 1730474860 3.002166 1 3.002166 3.002166 3.002166
5 1730474865 1.807359 1 1.807359 1.807359 1.807359
6 1730474865 82.407139 1 82.407139 82.407139 82.407139
7 1730474865 2.519125 1 2.519125 2.519125 2.519125
5 1730474870 4.579828 1 4.579828 4.579828 4.579828
6 1730474870 82.253566 1 82.253566 82.253566 82.253566
7 1730474870 2.543813 1 2.543813 2.543813 2.543813
5 1730474875 4.005693 1 4.005693 4.005693 4.005693
6 1730474875 81.962154 1 81.962154 81.962154 81.962154
7 1730474875 2.032644 1 2.032644 2.032644 2.032644
5 1730474880 6.297749 1 6.297749 6.297749 6.297749
6 1730474880 81.888840 1 81.888840 81.888840 81.888840
7 1730474880 3.795050 1 3.795050 3.795050 3.795050
5 1730474885 5.320249 1 5.320249 5.320249 5.320249
6 1730474885 81.801468 1 81.801468 81.801468 81.801468
7 1730474885 2.198116 1 2.198116 2.198116 2.198116
5 1730474890 3.743353 1 3.743353 3.743353 3.743353
6 1730474890 81.807977 1 81.807977 81.807977 81.807977
7 1730474890 2.038523 1 2.038523 2.038523 2.038523
5 1730474895 4.141314 1 4.141314 4.141314 4.141314
6 1730474895 81.827185 1 81.827185 81.827185 81.827185
7 1730474895 2.547780 1 2.547780 2.547780 2.547780
5 1730474900 6.575890 1 6.575890 6.575890 6.575890
6 1730474900 81.910887 1 81.910887 81.910887 81.910887
7 1730474900 2.099735 1 2.099735 2.099735 2.099735
5 1730474905 5.440427 1 5.440427 5.440427 5.440427
6 1730474905 81.870161 1 81.870161 81.870161 81.870161
7 1730474905 1.409764 1 1.409764 1.409764 1.409764
5 1730474910 4.445671 1 4.445671 4.445671 4.445671
6 1730474910 81.933961 1 81.933961 81.933961 81.933961
7 1730474910 1.146563 1 1.146563 1.146563 1.146563
5 1730474915 7.791627 1 7.791627 7.791627 7.791627
6 1730474915 81.817716 1 81.817716 81.817716 81.817716
7 1730474915 1.763161 1 1.763161 1.763161 1.763161
5 1730474920 9.431611 1 9.431611 9.431611 9.431611
6 1730474920 81.751863 1 81.751863 81.751863 81.751863
7 1730474920 3.485384 1 3.485384 3.485384 3.485384
5 1730474925 9.002962 1 9.002962 9.002962 9.002962
6 1730474925 81.739903 1 81.739903 81.739903 81.739903
7 1730474925 2.426501 1 2.426501 2.426501 2.426501
5 1730474930 5.622516 1 5.622516 5.622516 5.622516
6 1730474930 81.755774 1 81.755774 81.755774 81.755774
7 1730474930 1.826484 1 1.826484 1.826484 1.826484
5 1730474935 7.341482 1 7.341482 7.341482 7.341482
6 1730474935 81.803341 1 81.803341 81.803341 81.803341
7 1730474935 1.845103 1 1.845103 1.845103 1.845103
5 1730474940 6.073952 1 6.073952 6.073952 6.073952
6 1730474940 81.822911 1 81.822911 81.822911 81.822911
7 1730474940 2.073922 1 2.073922 2.073922 2.073922
5 1730474945 5.134856 1 5.134856 5.134856 5.134856
6 1730474945 81.778651 1 81.778651 81.778651 81.778651
7 1730474945 1.449214 1 1.449214 1.449214 1.449214
5 1730474950 7.992626 1 7.992626 7.992626 7.992626
6 1730474950 81.797029 1 81.797029 81.797029 81.797029
7 1730474950 1.877517 1 1.877517 1.877517 1.877517
5 1730474955 8.615753 1 8.615753 8.615753 8.615753
6 1730474955 81.743225 1 81.743225 81.743225 81.743225
7 1730474955 2.842302 1 2.842302 2.842302 2.842302
5 1730474960 6.837321 1 6.837321 6.837321 6.837321
6 1730474960 81.785794 1 81.785794 81.785794 81.785794
7 1730474960 2.460076 1 2.460076 2.460076 2.460076
5 1730474965 10.224729 1 10.224729 10.224729 10.224729
6 1730474965 81.783076 1 81.783076 81.783076 81.783076
7 1730474965 2.528552 1 2.528552 2.528552 2.528552
5 1730474970 6.450435 1 6.450435 6.450435 6.450435
6 1730474970 81.832908 1 81.832908 81.832908 81.832908
7 1730474970 1.772702 1 1.772702 1.772702 1.772702
5 1730474975 6.544884 1 6.544884 6.544884 6.544884
6 1730474975 81.885730 1 81.885730 81.885730 81.885730
7 1730474975 2.549530 1 2.549530 2.549530 2.549530
5 1730474980 12.185147 1 12.185147 12.185147 12.185147
6 1730474980 81.875944 1 81.875944 81.875944 81.875944
7 1730474980 3.206074 1 3.206074 3.206074 3.206074
5 1730474985 13.508312 1 13.508312 13.508312 13.508312
6 1730474985 81.783151 1 81.783151 81.783151 81.783151
7 1730474985 1.843814 1 1.843814 1.843814 1.843814
5 1730474990 9.737319 1 9.737319 9.737319 9.737319
6 1730474990 81.738423 1 81.738423 81.738423 81.738423
7 1730474990 1.891508 1 1.891508 1.891508 1.891508
5 1730474995 7.687020 1 7.687020 7.687020 7.687020
6 1730474995 82.396765 1 82.396765 82.396765 82.396765
7 1730474995 1.983753 1 1.983753 1.983753 1.983753
5 1730475000 7.347794 1 7.347794 7.347794 7.347794
6 1730475000 82.497139 1 82.497139 82.497139 82.497139
7 1730475000 1.781190 1 1.781190 1.781190 1.781190
5 1730475005 5.276226 1 5.276226 5.276226 5.276226
6 1730475005 82.446718 1 82.446718 82.446718 82.446718
7 1730475005 2.207652 1 2.207652 2.207652 2.207652
5 1730475010 5.757786 1 5.757786 5.757786 5.757786
6 1730475010 82.345227 1 82.345227 82.345227 82.345227
7 1730475010 2.582073 1 2.582073 2.582073 2.582073
5 1730475015 5.856529 1 5.856529 5.856529 5.856529
6 1730475015 82.413647 1 82.413647 82.413647 82.413647
7 1730475015 0.748753 1 0.748753 0.748753 0.748753
5 1730475020 6.164028 1 6.164028 6.164028 6.164028
6 1730475020 82.450523 1 82.450523 82.450523 82.450523
7 1730475020 1.636890 1 1.636890 1.636890 1.636890
5 1730475025 5.717440 1 5.717440 5.717440 5.717440
6 1730475025 82.426861 1 82.426861 82.426861 82.426861
7 1730475025 1.824057 1 1.824057 1.824057 1.824057
5 1730475030 5.474892 1 5.474892 5.474892 5.474892
6 1730475030 82.572793 1 82.572793 82.572793 82.572793
7 1730475030 2.081471 1 2.081471 2.081471 2.081471
5 1730475035 6.434307 1 6.434307 6.434307 6.434307
6 1730475035 82.530073 1 82.530073 82.530073 82.530073
7 1730475035 3.713910 1 3.713910 3.713910 3.713910
5 1730475040 6.925731 1 6.925731 6.925731 6.925731
6 1730475040 82.358968 1 82.358968 82.358968 82.358968
7 1730475040 1.898122 1 1.898122 1.898122 1.898122
5 1730475045 5.964210 1 5.964210 5.964210 5.964210
6 1730475045 82.347643 1 82.347643 82.347643 82.347643
7 1730475045 2.520172 1 2.520172 2.520172 2.520172
5 1730475050 8.399933 1 8.399933 8.399933 8.399933
6 1730475050 82.244113 1 82.244113 82.244113 82.244113
7 1730475050 1.384698 1 1.384698 1.384698 1.384698
5 1730475055 6.795243 1 6.795243 6.795243 6.795243
6 1730475055 82.207192 1 82.207192 82.207192 82.207192
7 1730475055 2.250387 1 2.250387 2.250387 2.250387
5 1730475060 4.769692 1 4.769692 4.769692 4.769692
6 1730475060 82.270916 1 82.270916 82.270916 82.270916
7 1730475060 2.201670 1 2.201670 2.201670 2.201670
5 1730475065 3.522887 1 3.522887 3.522887 3.522887
6 1730475065 82.239869 1 82.239869 82.239869 82.239869
7 1730475065 1.175854 1 1.175854 1.175854 1.175854
5 1730475070 4.768959 1 4.768959 4.768959 4.768959
6 1730475070 81.954347 1 81.954347 81.954347 81.954347
7 1730475070 1.656272 1 1.656272 1.656272 1.656272
5 1730475075 4.188646 1 4.188646 4.188646 4.188646
6 1730475075 81.921095 1 81.921095 81.921095 81.921095
7 1730475075 0.951042 1 0.951042 0.951042 0.951042
5 1730475080 4.609878 1 4.609878 4.609878 4.609878
6 1730475080 82.028008 1 82.028008 82.028008 82.028008
7 1730475080 1.140900 1 1.140900 1.140900 1.140900
5 1730475085 4.368941 1 4.368941 4.368941 4.368941
6 1730475085 82.046053 1 82.046053 82.046053 82.046053
7 1730475085 1.941009 1 1.941009 1.941009 1.941009
5 1730475090 5.575486 1 5.575486 5.575486 5.575486
6 1730475090 82.106440 1 82.106440 82.106440 82.106440
7 1730475090 1.788015 1 1.788015 1.788015 1.788015
5 1730475095 5.827463 1 5.827463 5.827463 5.827463
6 1730475095 82.109521 1 82.109521 82.109521 82.109521
7 1730475095 1.029830 1 1.029830 1.029830 1.029830
5 1730475100 6.168967 1 6.168967 6.168967 6.168967
6 1730475100 82.303790 1 82.303790 82.303790 82.303790
7 1730475100 5.792008 1 5.792008 5.792008 5.792008
5 1730475105 5.735487 1 5.735487 5.735487 5.735487
6 1730475105 82.282876 1 82.282876 82.282876 82.282876
7 1730475105 1.856372 1 1.856372 1.856372 1.856372
5 1730475110 6.359108 1 6.359108 6.359108 6.359108
6 1730475110 82.263019 1 82.263019 82.263019 82.263019
7 1730475110 1.466201 1 1.466201 1.466201 1.466201
5 1730475115 7.912100 1 7.912100 7.912100 7.912100
6 1730475115 82.213655 1 82.213655 82.213655 82.213655
7 1730475115 1.386729 1 1.386729 1.386729 1.386729
5 1730475120 5.861197 1 5.861197 5.861197 5.861197
6 1730475120 82.233588 1 82.233588 82.233588 82.233588
7 1730475120 2.658831 1 2.658831 2.658831 2.658831
5 1730475125 6.765197 1 6.765197 6.765197 6.765197
6 1730475125 81.701366 1 81.701366 81.701366 81.701366
7 1730475125 1.411881 1 1.411881 1.411881 1.411881
5 1730475130 5.032777 1 5.032777 5.032777 5.032777
6 1730475130 81.678564 1 81.678564 81.678564 81.678564
7 1730475130 1.469400 1 1.469400 1.469400 1.469400
5 1730475135 3.599808 1 3.599808 3.599808 3.599808
6 1730475135 81.672509 1 81.672509 81.672509 81.672509
7 1730475135 1.837357 1 1.837357 1.837357 1.837357
5 1730475140 2.840023 1 2.840023 2.840023 2.840023
6 1730475140 81.739374 1 81.739374 81.739374 81.739374
7 1730475140 1.162104 1 1.162104 1.162104 1.162104
5 1730475145 3.041689 1 3.041689 3.041689 3.041689
6 1730475145 81.758039 1 81.758039 81.758039 81.758039
7 1730475145 1.423962 1 1.423962 1.423962 1.423962
5 1730475150 5.864408 1 5.864408 5.864408 5.864408
6 1730475150 81.622828 1 81.622828 81.622828 81.622828
7 1730475150 2.044951 1 2.044951 2.044951 2.044951
5 1730475155 4.365307 1 4.365307 4.365307 4.365307
6 1730475155 81.749009 1 81.749009 81.749009 81.749009
7 1730475155 1.637952 1 1.637952 1.637952 1.637952
5 1730475160 5.550847 1 5.550847 5.550847 5.550847
6 1730475160 81.688515 1 81.688515 81.688515 81.688515
7 1730475160 1.122595 1 1.122595 1.122595 1.122595
5 1730475165 5.130299 1 5.130299 5.130299 5.130299
6 1730475165 81.722688 1 81.722688 81.722688 81.722688
7 1730475165 1.647304 1 1.647304 1.647304 1.647304
5 1730475170 6.549515 1 6.549515 6.549515 6.549515
6 1730475170 81.746985 1 81.746985 81.746985 81.746985
7 1730475170 1.257198 1 1.257198 1.257198 1.257198
5 1730475175 5.824668 1 5.824668 5.824668 5.824668
6 1730475175 81.791668 1 81.791668 81.791668 81.791668
7 1730475175 1.357636 1 1.357636 1.357636 1.357636
5 1730475180 7.641576 1 7.641576 7.641576 7.641576
6 1730475180 81.565974 1 81.565974 81.565974 81.565974
7 1730475180 1.164807 1 1.164807 1.164807 1.164807
5 1730475185 5.608756 1 5.608756 5.608756 5.608756
6 1730475185 81.533885 1 81.533885 81.533885 81.533885
7 1730475185 1.641718 1 1.641718 1.641718 1.641718
5 1730475190 5.523311 1 5.523311 5.523311 5.523311
6 1730475190 81.571893 1 81.571893 81.571893 81.571893
7 1730475190 1.603756 1 1.603756 1.603756 1.603756
5 1730475195 7.463909 1 7.463909 7.463909 7.463909
6 1730475195 81.448023 1 81.448023 81.448023 81.448023
7 1730475195 1.363530 1 1.363530 1.363530 1.363530
5 1730475200 5.007825 1 5.007825 5.007825 5.007825
6 1730475200 81.530865 1 81.530865 81.530865 81.530865
7 1730475200 2.230338 1 2.230338 2.230338 2.230338
5 1730475205 5.318914 1 5.318914 5.318914 5.318914
6 1730475205 81.534036 1 81.534036 81.534036 81.534036
7 1730475205 1.829668 1 1.829668 1.829668 1.829668
5 1730475210 6.239324 1 6.239324 6.239324 6.239324
6 1730475210 81.595934 1 81.595934 81.595934 81.595934
7 1730475210 2.076024 1 2.076024 2.076024 2.076024
5 1730475215 6.021713 1 6.021713 6.021713 6.021713
6 1730475215 81.613541 1 81.613541 81.613541 81.613541
7 1730475215 1.460959 1 1.460959 1.460959 1.460959
5 1730475220 11.450950 1 11.450950 11.450950 11.450950
6 1730475220 81.673415 1 81.673415 81.673415 81.673415
7 1730475220 2.178237 1 2.178237 2.178237 2.178237
5 1730475225 16.597277 1 16.597277 16.597277 16.597277
6 1730475225 81.570474 1 81.570474 81.570474 81.570474
7 1730475225 2.389999 1 2.389999 2.389999 2.389999
5 1730475230 11.065814 1 11.065814 11.065814 11.065814
6 1730475230 81.528479 1 81.528479 81.528479 81.528479
7 1730475230 2.030759 1 2.030759 2.030759 2.030759
5 1730475235 5.702264 1 5.702264 5.702264 5.702264
6 1730475235 81.560115 1 81.560115 81.560115 81.560115
7 1730475235 1.617925 1 1.617925 1.617925 1.617925
5 1730475240 4.679463 1 4.679463 4.679463 4.679463
6 1730475240 81.562018 1 81.562018 81.562018 81.562018
7 1730475240 1.357756 1 1.357756 1.357756 1.357756
5 1730475245 9.413958 1 9.413958 9.413958 9.413958
6 1730475245 82.120227 1 82.120227 82.120227 82.120227
7 1730475245 1.606527 1 1.606527 1.606527 1.606527
5 1730475250 6.086549 1 6.086549 6.086549 6.086549
6 1730475250 81.913756 1 81.913756 81.913756 81.913756
7 1730475250 2.344392 1 2.344392 2.344392 2.344392
5 1730475255 6.506579 1 6.506579 6.506579 6.506579
6 1730475255 81.901480 1 81.901480 81.901480 81.901480
7 1730475255 1.433017 1 1.433017 1.433017 1.433017
5 1730475260 5.203674 1 5.203674 5.203674 5.203674
6 1730475260 81.979474 1 81.979474 81.979474 81.979474
7 1730475260 1.569317 1 1.569317 1.569317 1.569317
5 1730475265 6.098068 1 6.098068 6.098068 6.098068
6 1730475265 81.967907 1 81.967907 81.967907 81.967907
7 1730475265 1.981219 1 1.981219 1.981219 1.981219
5 1730475270 7.524196 1 7.524196 7.524196 7.524196
6 1730475270 82.188588 1 82.188588 82.188588 82.188588
7 1730475270 1.732275 1 1.732275 1.732275 1.732275
5 1730475275 5.076184 1 5.076184 5.076184 5.076184
6 1730475275 81.808007 1 81.808007 81.808007 81.808007
7 1730475275 1.743036 1 1.743036 1.743036 1.743036
5 1730475280 5.672228 1 5.672228 5.672228 5.672228
6 1730475280 81.659386 1 81.659386 81.659386 81.659386
7 1730475280 2.046589 1 2.046589 2.046589 2.046589
5 1730475285 5.356876 1 5.356876 5.356876 5.356876
6 1730475285 81.559511 1 81.559511 81.559511 81.559511
7 1730475285 1.394459 1 1.394459 1.394459 1.394459
5 1730475290 6.815391 1 6.815391 6.815391 6.815391
6 1730475290 81.442723 1 81.442723 81.442723 81.442723
7 1730475290 1.846409 1 1.846409 1.846409 1.846409
5 1730475295 6.905626 1 6.905626 6.905626 6.905626
6 1730475295 81.488689 1 81.488689 81.488689 81.488689
7 1730475295 2.043843 1 2.043843 2.043843 2.043843
5 1730475300 5.552084 1 5.552084 5.552084 5.552084
6 1730475300 81.329996 1 81.329996 81.329996 81.329996
7 1730475300 2.335979 1 2.335979 2.335979 2.335979
5 1730475305 5.769722 1 5.769722 5.769722 5.769722
6 1730475305 81.515961 1 81.515961 81.515961 81.515961
7 1730475305 4.512458 1 4.512458 4.512458 4.512458
5 1730475310 7.627023 1 7.627023 7.627023 7.627023
6 1730475310 81.331673 1 81.331673 81.331673 81.331673
7 1730475310 2.023652 1 2.023652 2.023652 2.023652
5 1730475315 8.890897 1 8.890897 8.890897 8.890897
6 1730475315 81.443070 1 81.443070 81.443070 81.443070
7 1730475315 1.475205 1 1.475205 1.475205 1.475205
5 1730475320 7.163824 1 7.163824 7.163824 7.163824
6 1730475320 81.380901 1 81.380901 81.380901 81.380901
7 1730475320 2.089537 1 2.089537 2.089537 2.089537
5 1730475325 8.321284 1 8.321284 8.321284 8.321284
6 1730475325 81.412899 1 81.412899 81.412899 81.412899
7 1730475325 1.559485 1 1.559485 1.559485 1.559485
5 1730475330 7.098618 1 7.098618 7.098618 7.098618
6 1730475330 81.413035 1 81.413035 81.413035 81.413035
7 1730475330 1.829813 1 1.829813 1.829813 1.829813
5 1730475335 7.862008 1 7.862008 7.862008 7.862008
6 1730475335 81.517214 1 81.517214 81.517214 81.517214
7 1730475335 1.865930 1 1.865930 1.865930 1.865930
5 1730475340 6.042491 1 6.042491 6.042491 6.042491
6 1730475340 81.456041 1 81.456041 81.456041 81.456041
7 1730475340 2.037938 1 2.037938 2.037938 2.037938
5 1730475345 7.954836 1 7.954836 7.954836 7.954836
6 1730475345 82.373299 1 82.373299 82.373299 82.373299
7 1730475345 1.298090 1 1.298090 1.298090 1.298090
5 1730475350 6.018489 1 6.018489 6.018489 6.018489
6 1730475350 81.820223 1 81.820223 81.820223 81.820223
7 1730475350 1.075475 1 1.075475 1.075475 1.075475
5 1730475355 7.393319 1 7.393319 7.393319 7.393319
6 1730475355 82.129152 1 82.129152 82.129152 82.129152
7 1730475355 1.634598 1 1.634598 1.634598 1.634598
5 1730475360 7.540066 1 7.540066 7.540066 7.540066
6 1730475360 81.936996 1 81.936996 81.936996 81.936996
7 1730475360 1.748025 1 1.748025 1.748025 1.748025
5 1730475365 4.636398 1 4.636398 4.636398 4.636398
6 1730475365 81.784571 1 81.784571 81.784571 81.784571
7 1730475365 2.211131 1 2.211131 2.211131 2.211131
5 1730475370 4.762683 1 4.762683 4.762683 4.762683
6 1730475370 81.645358 1 81.645358 81.645358 81.645358
7 1730475370 2.241017 1 2.241017 2.241017 2.241017
5 1730475375 5.367307 1 5.367307 5.367307 5.367307
6 1730475375 81.456283 1 81.456283 81.456283 81.456283
7 1730475375 1.386636 1 1.386636 1.386636 1.386636
5 1730475380 6.625546 1 6.625546 6.625546 6.625546
6 1730475380 81.530095 1 81.530095 81.530095 81.530095
7 1730475380 1.597318 1 1.597318 1.597318 1.597318
5 1730475385 4.634972 1 4.634972 4.634972 4.634972
6 1730475385 81.530442 1 81.530442 81.530442 81.530442
7 1730475385 1.797152 1 1.797152 1.797152 1.797152
5 1730475390 3.756645 1 3.756645 3.756645 3.756645
6 1730475390 81.646853 1 81.646853 81.646853 81.646853
7 1730475390 1.208877 1 1.208877 1.208877 1.208877
5 1730475395 6.463278 1 6.463278 6.463278 6.463278
6 1730475395 81.655551 1 81.655551 81.655551 81.655551
7 1730475395 1.978065 1 1.978065 1.978065 1.978065
5 1730475400 5.994034 1 5.994034 5.994034 5.994034
6 1730475400 81.512774 1 81.512774 81.512774 81.512774
7 1730475400 1.854020 1 1.854020 1.854020 1.854020
5 1730475405 4.213668 1 4.213668 4.213668 4.213668
6 1730475405 81.489716 1 81.489716 81.489716 81.489716
7 1730475405 1.377119 1 1.377119 1.377119 1.377119
5 1730475410 5.468089 1 5.468089 5.468089 5.468089
6 1730475410 81.442300 1 81.442300 81.442300 81.442300
7 1730475410 1.830118 1 1.830118 1.830118 1.830118
5 1730475415 4.654983 1 4.654983 4.654983 4.654983
6 1730475415 81.403703 1 81.403703 81.403703 81.403703
7 1730475415 1.599747 1 1.599747 1.599747 1.599747
5 1730475420 4.960887 1 4.960887 4.960887 4.960887
6 1730475420 81.438555 1 81.438555 81.438555 81.438555
7 1730475420 1.583168 1 1.583168 1.583168 1.583168
5 1730475425 5.559477 1 5.559477 5.559477 5.559477
6 1730475425 81.539518 1 81.539518 81.539518 81.539518
7 1730475425 1.873861 1 1.873861 1.873861 1.873861
5 1730475430 5.392463 1 5.392463 5.392463 5.392463
6 1730475430 81.528419 1 81.528419 81.528419 81.528419
7 1730475430 1.478427 1 1.478427 1.478427 1.478427
5 1730475435 4.581130 1 4.581130 4.581130 4.581130
6 1730475435 81.535999 1 81.535999 81.535999 81.535999
7 1730475435 1.884674 1 1.884674 1.884674 1.884674
5 1730475440 4.066076 1 4.066076 4.066076 4.066076
6 1730475440 81.600132 1 81.600132 81.600132 81.600132
7 1730475440 1.556554 1 1.556554 1.556554 1.556554
5 1730475445 8.981836 1 8.981836 8.981836 8.981836
6 1730475445 81.626754 1 81.626754 81.626754 81.626754
7 1730475445 1.324669 1 1.324669 1.324669 1.324669
5 1730475450 5.709802 1 5.709802 5.709802 5.709802
6 1730475450 81.623447 1 81.623447 81.623447 81.623447
7 1730475450 0.928910 1 0.928910 0.928910 0.928910
5 1730475455 6.341234 1 6.341234 6.341234 6.341234
6 1730475455 81.735358 1 81.735358 81.735358 81.735358
7 1730475455 2.276660 1 2.276660 2.276660 2.276660
5 1730475460 6.036493 1 6.036493 6.036493 6.036493
6 1730475460 81.758899 1 81.758899 81.758899 81.758899
7 1730475460 1.600740 1 1.600740 1.600740 1.600740
5 1730475465 5.820194 1 5.820194 5.820194 5.820194
6 1730475465 81.674170 1 81.674170 81.674170 81.674170
7 1730475465 1.477346 1 1.477346 1.477346 1.477346
5 1730475470 4.843284 1 4.843284 4.843284 4.843284
6 1730475470 81.442662 1 81.442662 81.442662 81.442662
7 1730475470 1.602830 1 1.602830 1.602830 1.602830
5 1730475475 5.671379 1 5.671379 5.671379 5.671379
6 1730475475 81.432681 1 81.432681 81.432681 81.432681
7 1730475475 1.147085 1 1.147085 1.147085 1.147085
5 1730475480 5.191295 1 5.191295 5.191295 5.191295
6 1730475480 81.384329 1 81.384329 81.384329 81.384329
7 1730475480 1.382657 1 1.382657 1.382657 1.382657
5 1730475485 6.737353 1 6.737353 6.737353 6.737353
6 1730475485 81.433179 1 81.433179 81.433179 81.433179
7 1730475485 1.632268 1 1.632268 1.632268 1.632268
5 1730475490 4.742385 1 4.742385 4.742385 4.742385
6 1730475490 81.306032 1 81.306032 81.306032 81.306032
7 1730475490 1.554666 1 1.554666 1.554666 1.554666
5 1730475495 8.498648 1 8.498648 8.498648 8.498648
6 1730475495 81.353055 1 81.353055 81.353055 81.353055
7 1730475495 1.631644 1 1.631644 1.631644 1.631644
5 1730475500 4.518929 1 4.518929 4.518929 4.518929
6 1730475500 81.339948 1 81.339948 81.339948 81.339948
7 1730475500 2.029102 1 2.029102 2.029102 2.029102
5 1730475505 5.085928 1 5.085928 5.085928 5.085928
6 1730475505 81.447540 1 81.447540 81.447540 81.447540
7 1730475505 2.047540 1 2.047540 2.047540 2.047540
5 1730475510 6.896711 1 6.896711 6.896711 6.896711
6 1730475510 81.428528 1 81.428528 81.428528 81.428528
7 1730475510 2.019052 1 2.019052 2.019052 2.019052
5 1730475515 7.374344 1 7.374344 7.374344 7.374344
6 1730475515 81.723715 1 81.723715 81.723715 81.723715
7 1730475515 2.202752 1 2.202752 2.202752 2.202752
5 1730475520 5.910487 1 5.910487 5.910487 5.910487
6 1730475520 81.692427 1 81.692427 81.692427 81.692427
7 1730475520 1.854663 1 1.854663 1.854663 1.854663
5 1730475525 7.247616 1 7.247616 7.247616 7.247616
6 1730475525 81.631586 1 81.631586 81.631586 81.631586
7 1730475525 1.356793 1 1.356793 1.356793 1.356793
5 1730475530 6.389078 1 6.389078 6.389078 6.389078
6 1730475530 81.648574 1 81.648574 81.648574 81.648574
7 1730475530 2.036804 1 2.036804 2.036804 2.036804
5 1730475535 4.901694 1 4.901694 4.901694 4.901694
6 1730475535 81.573766 1 81.573766 81.573766 81.573766
7 1730475535 1.360642 1 1.360642 1.360642 1.360642
5 1730475540 6.084905 1 6.084905 6.084905 6.084905
6 1730475540 81.604284 1 81.604284 81.604284 81.604284
7 1730475540 1.576433 1 1.576433 1.576433 1.576433
5 1730475545 5.476542 1 5.476542 5.476542 5.476542
6 1730475545 81.869678 1 81.869678 81.869678 81.869678
7 1730475545 1.853099 1 1.853099 1.853099 1.853099
5 1730475550 5.861948 1 5.861948 5.861948 5.861948
6 1730475550 82.177670 1 82.177670 82.177670 82.177670
7 1730475550 1.612491 1 1.612491 1.612491 1.612491
5 1730475555 6.830897 1 6.830897 6.830897 6.830897
6 1730475555 81.806391 1 81.806391 81.806391 81.806391
7 1730475555 2.039843 1 2.039843 2.039843 2.039843
5 1730475560 6.241112 1 6.241112 6.241112 6.241112
6 1730475560 81.912594 1 81.912594 81.912594 81.912594
7 1730475560 1.468273 1 1.468273 1.468273 1.468273
5 1730475565 5.322443 1 5.322443 5.322443 5.322443
6 1730475565 82.071377 1 82.071377 82.071377 82.071377
7 1730475565 1.722201 1 1.722201 1.722201 1.722201
5 1730475570 5.122517 1 5.122517 5.122517 5.122517
6 1730475570 82.090298 1 82.090298 82.090298 82.090298
7 1730475570 1.695119 1 1.695119 1.695119 1.695119
5 1730475575 7.646959 1 7.646959 7.646959 7.646959
6 1730475575 82.152482 1 82.152482 82.152482 82.152482
7 1730475575 2.518537 1 2.518537 2.518537 2.518537
5 1730475580 6.462515 1 6.462515 6.462515 6.462515
6 1730475580 82.107014 1 82.107014 82.107014 82.107014
7 1730475580 1.876994 1 1.876994 1.876994 1.876994
5 1730475585 5.651755 1 5.651755 5.651755 5.651755
6 1730475585 82.068644 1 82.068644 82.068644 82.068644
7 1730475585 1.130971 1 1.130971 1.130971 1.130971
5 1730475590 6.670343 1 6.670343 6.670343 6.670343
6 1730475590 82.114368 1 82.114368 82.114368 82.114368
7 1730475590 2.018230 1 2.018230 2.018230 2.018230
5 1730475595 5.545306 1 5.545306 5.545306 5.545306
6 1730475595 82.160667 1 82.160667 82.160667 82.160667
7 1730475595 1.872323 1 1.872323 1.872323 1.872323
5 1730475600 6.615006 1 6.615006 6.615006 6.615006
6 1730475600 82.003922 1 82.003922 82.003922 82.003922
7 1730475600 1.382740 1 1.382740 1.382740 1.382740
5 1730475605 6.409961 1 6.409961 6.409961 6.409961
6 1730475605 82.012801 1 82.012801 82.012801 82.012801
7 1730475605 1.826695 1 1.826695 1.826695 1.826695
5 1730475610 4.974848 1 4.974848 4.974848 4.974848
6 1730475610 82.023644 1 82.023644 82.023644 82.023644
7 1730475610 1.758585 1 1.758585 1.758585 1.758585
5 1730475615 7.278448 1 7.278448 7.278448 7.278448
6 1730475615 82.033535 1 82.033535 82.033535 82.033535
7 1730475615 1.800769 1 1.800769 1.800769 1.800769
5 1730475620 5.222280 1 5.222280 5.222280 5.222280
6 1730475620 81.992083 1 81.992083 81.992083 81.992083
7 1730475620 1.177959 1 1.177959 1.177959 1.177959
5 1730475625 6.820706 1 6.820706 6.820706 6.820706
6 1730475625 81.944124 1 81.944124 81.944124 81.944124
7 1730475625 2.128254 1 2.128254 2.128254 2.128254
5 1730475630 4.652713 1 4.652713 4.652713 4.652713
6 1730475630 82.002367 1 82.002367 82.002367 82.002367
7 1730475630 1.412886 1 1.412886 1.412886 1.412886
5 1730475635 6.311228 1 6.311228 6.311228 6.311228
6 1730475635 81.998108 1 81.998108 81.998108 81.998108
7 1730475635 1.958541 1 1.958541 1.958541 1.958541
5 1730475640 5.729681 1 5.729681 5.729681 5.729681
6 1730475640 81.935683 1 81.935683 81.935683 81.935683
7 1730475640 1.617531 1 1.617531 1.617531 1.617531
5 1730475645 8.592927 1 8.592927 8.592927 8.592927
6 1730475645 82.117071 1 82.117071 82.117071 82.117071
7 1730475645 1.446277 1 1.446277 1.446277 1.446277
5 1730475650 7.164752 1 7.164752 7.164752 7.164752
6 1730475650 82.009827 1 82.009827 82.009827 82.009827
7 1730475650 1.634242 1 1.634242 1.634242 1.634242
5 1730475655 6.367983 1 6.367983 6.367983 6.367983
6 1730475655 81.978704 1 81.978704 81.978704 81.978704
7 1730475655 1.851996 1 1.851996 1.851996 1.851996
