11 1730473801 3.400000 4 3.400000 3.400000 3.400000
13 1730473801 1.600000 4 1.600000 1.600000 1.600000
11 1730473801 1.600000 1 1.600000 1.600000 1.600000
11 1730473806 8.000000 8 8.000000 8.000000 8.000000
13 1730473801 0.800000 1 0.800000 0.800000 0.800000
13 1730473806 3.000000 6 3.000000 3.000000 3.000000
11 1730473806 0.800000 1 0.800000 0.800000 0.800000
11 1730473811 9.000000 10 9.000000 9.000000 9.000000
13 1730473811 2.000000 6 2.000000 2.000000 2.000000
11 1730473811 1.800000 2 1.800000 1.800000 1.800000
11 1730473816 15.600000 17 15.600000 15.600000 15.600000
13 1730473816 4.400000 10 4.400000 4.400000 4.400000
13 1730473811 0.600000 1 0.600000 0.600000 0.600000
11 1730473816 1.400000 1 1.400000 1.400000 1.400000
11 1730473821 12.400000 19 12.400000 12.400000 12.400000
13 1730473816 0.600000 1 0.600000 0.600000 0.600000
13 1730473821 17.600000 15 17.600000 17.600000 17.600000
11 1730473826 9.000000 14 9.000000 9.000000 9.000000
11 1730473821 1.000000 2 1.000000 1.000000 1.000000
13 1730473826 3.600000 6 3.600000 3.600000 3.600000
11 1730473826 7.600000 8 7.600000 7.600000 7.600000
11 1730473831 12.000000 15 12.000000 12.000000 12.000000
13 1730473826 3.000000 3 3.000000 3.000000 3.000000
13 1730473831 8.000000 12 8.000000 8.000000 8.000000
11 1730473831 0.800000 1 0.800000 0.800000 0.800000
11 1730473836 17.200000 22 17.200000 17.200000 17.200000
13 1730473831 2.800000 2 2.800000 2.800000 2.800000
13 1730473836 7.800000 8 7.800000 7.800000 7.800000
11 1730473836 0.800000 1 0.800000 0.800000 0.800000
11 1730473841 5.600000 10 5.600000 5.600000 5.600000
13 1730473841 11.000000 8 11.000000 11.000000 11.000000
11 1730473846 3.400000 8 3.400000 3.400000 3.400000
13 1730473846 0.600000 2 0.600000 0.600000 0.600000
11 1730473851 10.400000 15 10.400000 10.400000 10.400000
13 1730473851 9.000000 8 9.000000 9.000000 9.000000
11 1730473856 8.200000 13 8.200000 8.200000 8.200000
13 1730473856 5.200000 3 5.200000 5.200000 5.200000
11 1730473861 7.200000 12 7.200000 7.200000 7.200000
13 1730473861 14.000000 10 14.000000 14.000000 14.000000
11 1730473866 4.400000 10 4.400000 4.400000 4.400000
13 1730473866 4.800000 2 4.800000 4.800000 4.800000
11 1730473871 6.400000 12 6.400000 6.400000 6.400000
13 1730473871 7.000000 8 7.000000 7.000000 7.000000
11 1730473871 1.400000 2 1.400000 1.400000 1.400000
11 1730473876 7.000000 11 7.000000 7.000000 7.000000
13 1730473871 0.600000 2 0.600000 0.600000 0.600000
13 1730473876 10.200000 6 10.200000 10.200000 10.200000
11 1730473876 0.600000 1 0.600000 0.600000 0.600000
11 1730473881 6.400000 9 6.400000 6.400000 6.400000
13 1730473876 2.400000 1 2.400000 2.400000 2.400000
13 1730473881 2.000000 6 2.000000 2.000000 2.000000
11 1730473886 11.200000 16 11.200000 11.200000 11.200000
13 1730473886 9.400000 9 9.400000 9.400000 9.400000
11 1730473891 5.600000 11 5.600000 5.600000 5.600000
13 1730473891 2.000000 4 2.000000 2.000000 2.000000
11 1730473896 10.200000 14 10.200000 10.200000 10.200000
13 1730473891 0.400000 1 0.400000 0.400000 0.400000
13 1730473896 7.600000 9 7.600000 7.600000 7.600000
11 1730473901 4.400000 6 4.400000 4.400000 4.400000
13 1730473901 3.800000 4 3.800000 3.800000 3.800000
11 1730473906 5.800000 8 5.800000 5.800000 5.800000
13 1730473906 6.200000 6 6.200000 6.200000 6.200000
11 1730473911 6.000000 10 6.000000 6.000000 6.000000
13 1730473911 5.800000 6 5.800000 5.800000 5.800000
11 1730473911 0.600000 2 0.600000 0.600000 0.600000
11 1730473916 8.600000 15 8.600000 8.600000 8.600000
13 1730473911 0.600000 1 0.600000 0.600000 0.600000
13 1730473916 10.400000 11 10.400000 10.400000 10.400000
11 1730473921 9.000000 15 9.000000 9.000000 9.000000
13 1730473921 10.800000 8 10.800000 10.800000 10.800000
13 1730473916 3.400000 2 3.400000 3.400000 3.400000
11 1730473926 7.800000 12 7.800000 7.800000 7.800000
13 1730473921 0.200000 1 0.200000 0.200000 0.200000
13 1730473926 5.000000 6 5.000000 5.000000 5.000000
11 1730473926 0.800000 1 0.800000 0.800000 0.800000
11 1730473931 11.000000 14 11.000000 11.000000 11.000000
13 1730473931 9.400000 14 9.400000 9.400000 9.400000
11 1730473936 11.400000 15 11.400000 11.400000 11.400000
13 1730473936 13.200000 8 13.200000 13.200000 13.200000
11 1730473941 11.000000 16 11.000000 11.000000 11.000000
13 1730473941 9.200000 12 9.200000 9.200000 9.200000
11 1730473941 0.800000 1 0.800000 0.800000 0.800000
11 1730473946 4.400000 6 4.400000 4.400000 4.400000
13 1730473946 5.800000 5 5.800000 5.800000 5.800000
13 1730473941 0.400000 1 0.400000 0.400000 0.400000
11 1730473951 9.800000 12 9.800000 9.800000 9.800000
13 1730473951 12.200000 10 12.200000 12.200000 12.200000
11 1730473956 10.400000 14 10.400000 10.400000 10.400000
13 1730473956 12.600000 13 12.600000 12.600000 12.600000
11 1730473961 5.400000 10 5.400000 5.400000 5.400000
13 1730473961 6.600000 5 6.600000 6.600000 6.600000
11 1730473966 10.400000 15 10.400000 10.400000 10.400000
13 1730473966 3.200000 8 3.200000 3.200000 3.200000
11 1730473971 11.000000 14 11.000000 11.000000 11.000000
13 1730473971 13.800000 14 13.800000 13.800000 13.800000
11 1730473976 6.800000 9 6.800000 6.800000 6.800000
13 1730473976 5.600000 4 5.600000 5.600000 5.600000
11 1730473981 9.000000 13 9.000000 9.000000 9.000000
13 1730473981 4.400000 11 4.400000 4.400000 4.400000
11 1730473986 13.400000 22 13.400000 13.400000 13.400000
11 1730473981 0.800000 1 0.800000 0.800000 0.800000
13 1730473986 14.600000 12 14.600000 14.600000 14.600000
11 1730473991 6.200000 14 6.200000 6.200000 6.200000
13 1730473991 11.400000 7 11.400000 11.400000 11.400000
11 1730473996 11.400000 14 11.400000 11.400000 11.400000
13 1730473996 9.200000 11 9.200000 9.200000 9.200000
11 1730474001 14.000000 21 14.000000 14.000000 14.000000
13 1730474001 14.400000 15 14.400000 14.400000 14.400000
11 1730474006 6.400000 10 6.400000 6.400000 6.400000
13 1730474006 10.200000 7 10.200000 10.200000 10.200000
11 1730474006 0.800000 1 0.800000 0.800000 0.800000
11 1730474011 13.400000 19 13.400000 13.400000 13.400000
13 1730474006 0.400000 1 0.400000 0.400000 0.400000
13 1730474011 5.600000 10 5.600000 5.600000 5.600000
11 1730474016 10.000000 15 10.000000 10.000000 10.000000
13 1730474011 2.800000 2 2.800000 2.800000 2.800000
13 1730474016 12.400000 12 12.400000 12.400000 12.400000
11 1730474021 6.600000 12 6.600000 6.600000 6.600000
13 1730474021 5.600000 5 5.600000 5.600000 5.600000
11 1730474026 6.200000 11 6.200000 6.200000 6.200000
13 1730474026 4.400000 6 4.400000 4.400000 4.400000
11 1730474026 1.400000 2 1.400000 1.400000 1.400000
11 1730474031 9.200000 11 9.200000 9.200000 9.200000
13 1730474026 1.600000 3 1.600000 1.600000 1.600000
13 1730474031 5.400000 9 5.400000 5.400000 5.400000
11 1730474036 11.600000 19 11.600000 11.600000 11.600000
13 1730474036 17.400000 12 17.400000 17.400000 17.400000
13 1730474031 0.400000 1 0.400000 0.400000 0.400000
11 1730474041 2.800000 5 2.800000 2.800000 2.800000
13 1730474041 2.800000 3 2.800000 2.800000 2.800000
11 1730474046 7.000000 11 7.000000 7.000000 7.000000
11 1730474041 0.400000 2 0.400000 0.400000 0.400000
13 1730474046 8.000000 8 8.000000 8.000000 8.000000
11 1730474051 13.400000 16 13.400000 13.400000 13.400000
13 1730474051 6.200000 10 6.200000 6.200000 6.200000
11 1730474056 12.200000 17 12.200000 12.200000 12.200000
13 1730474056 20.800000 18 20.800000 20.800000 20.800000
11 1730474061 2.800000 7 2.800000 2.800000 2.800000
13 1730474061 7.400000 4 7.400000 7.400000 7.400000
11 1730474066 7.000000 11 7.000000 7.000000 7.000000
13 1730474066 2.200000 3 2.200000 2.200000 2.200000
11 1730474071 5.600000 12 5.600000 5.600000 5.600000
13 1730474071 7.000000 7 7.000000 7.000000 7.000000
11 1730474071 0.200000 1 0.200000 0.200000 0.200000
11 1730474076 2.000000 7 2.000000 2.000000 2.000000
13 1730474076 1.400000 4 1.400000 1.400000 1.400000
11 1730474081 10.800000 16 10.800000 10.800000 10.800000
13 1730474081 11.200000 8 11.200000 11.200000 11.200000
11 1730474086 9.800000 17 9.800000 9.800000 9.800000
13 1730474086 9.400000 15 9.400000 9.400000 9.400000
11 1730474086 0.600000 1 0.600000 0.600000 0.600000
11 1730474091 4.400000 12 4.400000 4.400000 4.400000
13 1730474091 10.200000 6 10.200000 10.200000 10.200000
11 1730474096 4.200000 8 4.200000 4.200000 4.200000
13 1730474096 3.200000 3 3.200000 3.200000 3.200000
11 1730474101 6.000000 10 6.000000 6.000000 6.000000
13 1730474101 1.400000 4 1.400000 1.400000 1.400000
11 1730474106 6.800000 9 6.800000 6.800000 6.800000
13 1730474106 7.000000 9 7.000000 7.000000 7.000000
11 1730474111 4.000000 7 4.000000 4.000000 4.000000
13 1730474111 1.800000 5 1.800000 1.800000 1.800000
11 1730474116 5.600000 9 5.600000 5.600000 5.600000
11 1730474111 0.800000 1 0.800000 0.800000 0.800000
13 1730474116 9.200000 9 9.200000 9.200000 9.200000
13 1730474111 0.200000 1 0.200000 0.200000 0.200000
11 1730474121 3.400000 7 3.400000 3.400000 3.400000
13 1730474116 0.200000 1 0.200000 0.200000 0.200000
13 1730474121 3.000000 3 3.000000 3.000000 3.000000
11 1730474126 3.600000 8 3.600000 3.600000 3.600000
13 1730474126 1.400000 4 1.400000 1.400000 1.400000
11 1730474131 6.400000 13 6.400000 6.400000 6.400000
13 1730474131 10.600000 8 10.600000 10.600000 10.600000
11 1730474136 2.600000 7 2.600000 2.600000 2.600000
13 1730474136 2.600000 4 2.600000 2.600000 2.600000
11 1730474141 5.800000 12 5.800000 5.800000 5.800000
13 1730474141 1.600000 5 1.600000 1.600000 1.600000
11 1730474146 4.800000 10 4.800000 4.800000 4.800000
13 1730474146 6.200000 7 6.200000 6.200000 6.200000
11 1730474151 7.200000 12 7.200000 7.200000 7.200000
13 1730474151 7.200000 4 7.200000 7.200000 7.200000
11 1730474156 4.000000 8 4.000000 4.000000 4.000000
13 1730474156 2.800000 6 2.800000 2.800000 2.800000
11 1730474161 7.400000 14 7.400000 7.400000 7.400000
13 1730474161 4.200000 7 4.200000 4.200000 4.200000
11 1730474166 5.200000 10 5.200000 5.200000 5.200000
13 1730474166 13.200000 10 13.200000 13.200000 13.200000
11 1730474171 9.800000 15 9.800000 9.800000 9.800000
13 1730474171 5.800000 6 5.800000 5.800000 5.800000
11 1730474176 4.400000 8 4.400000 4.400000 4.400000
13 1730474176 7.000000 7 7.000000 7.000000 7.000000
11 1730474181 5.400000 9 5.400000 5.400000 5.400000
13 1730474181 2.000000 6 2.000000 2.000000 2.000000
11 1730474186 6.400000 9 6.400000 6.400000 6.400000
13 1730474186 7.400000 9 7.400000 7.400000 7.400000
11 1730474191 3.400000 6 3.400000 3.400000 3.400000
13 1730474191 3.200000 3 3.200000 3.200000 3.200000
11 1730474196 5.000000 8 5.000000 5.000000 5.000000
13 1730474196 9.000000 6 9.000000 9.000000 9.000000
11 1730474201 4.800000 7 4.800000 4.800000 4.800000
13 1730474201 0.800000 3 0.800000 0.800000 0.800000
11 1730474206 9.200000 14 9.200000 9.200000 9.200000
13 1730474206 7.400000 13 7.400000 7.400000 7.400000
11 1730474211 3.800000 8 3.800000 3.800000 3.800000
13 1730474211 6.800000 9 6.800000 6.800000 6.800000
11 1730474216 8.800000 14 8.800000 8.800000 8.800000
13 1730474216 7.400000 7 7.400000 7.400000 7.400000
11 1730474221 9.000000 13 9.000000 9.000000 9.000000
13 1730474221 6.600000 6 6.600000 6.600000 6.600000
11 1730474226 8.000000 11 8.000000 8.000000 8.000000
13 1730474226 8.600000 11 8.600000 8.600000 8.600000
11 1730474231 7.600000 12 7.600000 7.600000 7.600000
13 1730474231 9.400000 10 9.400000 9.400000 9.400000
11 1730474236 3.600000 7 3.600000 3.600000 3.600000
13 1730474236 2.800000 6 2.800000 2.800000 2.800000
11 1730474241 10.800000 14 10.800000 10.800000 10.800000
13 1730474241 10.000000 14 10.000000 10.000000 10.000000
11 1730474246 7.800000 13 7.800000 7.800000 7.800000
13 1730474246 8.800000 7 8.800000 8.800000 8.800000
11 1730474251 3.600000 7 3.600000 3.600000 3.600000
13 1730474251 4.000000 3 4.000000 4.000000 4.000000
11 1730474256 7.400000 12 7.400000 7.400000 7.400000
13 1730474256 3.200000 4 3.200000 3.200000 3.200000
11 1730474261 9.200000 14 9.200000 9.200000 9.200000
13 1730474261 6.600000 8 6.600000 6.600000 6.600000
11 1730474266 11.800000 18 11.800000 11.800000 11.800000
13 1730474266 13.400000 18 13.400000 13.400000 13.400000
11 1730474271 9.000000 13 9.000000 9.000000 9.000000
13 1730474271 22.000000 10 22.000000 22.000000 22.000000
11 1730474276 10.800000 13 10.800000 10.800000 10.800000
13 1730474276 2.400000 6 2.400000 2.400000 2.400000
11 1730474281 5.800000 10 5.800000 5.800000 5.800000
13 1730474281 5.000000 8 5.000000 5.000000 5.000000
11 1730474286 5.400000 9 5.400000 5.400000 5.400000
13 1730474286 4.400000 3 4.400000 4.400000 4.400000
11 1730474291 8.800000 13 8.800000 8.800000 8.800000
13 1730474291 6.600000 11 6.600000 6.600000 6.600000
11 1730474296 5.000000 10 5.000000 5.000000 5.000000
13 1730474296 4.200000 7 4.200000 4.200000 4.200000
11 1730474301 10.200000 16 10.200000 10.200000 10.200000
13 1730474301 9.000000 10 9.000000 9.000000 9.000000
11 1730474306 8.600000 15 8.600000 8.600000 8.600000
13 1730474306 13.000000 14 13.000000 13.000000 13.000000
11 1730474311 7.400000 13 7.400000 7.400000 7.400000
13 1730474311 5.800000 5 5.800000 5.800000 5.800000
11 1730474316 11.000000 17 11.000000 11.000000 11.000000
13 1730474316 10.000000 11 10.000000 10.000000 10.000000
11 1730474321 8.800000 13 8.800000 8.800000 8.800000
13 1730474321 15.200000 14 15.200000 15.200000 15.200000
11 1730474326 12.600000 17 12.600000 12.600000 12.600000
13 1730474326 13.200000 14 13.200000 13.200000 13.200000
11 1730474331 9.800000 13 9.800000 9.800000 9.800000
13 1730474331 8.600000 7 8.600000 8.600000 8.600000
11 1730474336 11.200000 15 11.200000 11.200000 11.200000
13 1730474336 6.200000 11 6.200000 6.200000 6.200000
11 1730474341 10.400000 16 10.400000 10.400000 10.400000
13 1730474341 16.200000 12 16.200000 16.200000 16.200000
11 1730474346 5.600000 10 5.600000 5.600000 5.600000
13 1730474346 7.000000 10 7.000000 7.000000 7.000000
11 1730474351 10.800000 18 10.800000 10.800000 10.800000
13 1730474351 9.000000 8 9.000000 9.000000 9.000000
11 1730474356 10.000000 15 10.000000 10.000000 10.000000
13 1730474356 7.400000 15 7.400000 7.400000 7.400000
11 1730474361 10.000000 16 10.000000 10.000000 10.000000
13 1730474361 13.000000 8 13.000000 13.000000 13.000000
11 1730474366 5.800000 11 5.800000 5.800000 5.800000
13 1730474366 4.400000 7 4.400000 4.400000 4.400000
11 1730474371 10.400000 16 10.400000 10.400000 10.400000
13 1730474371 11.200000 14 11.200000 11.200000 11.200000
11 1730474376 6.600000 13 6.600000 6.600000 6.600000
13 1730474376 2.800000 9 2.800000 2.800000 2.800000
11 1730474381 5.400000 13 5.400000 5.400000 5.400000
13 1730474381 9.600000 6 9.600000 9.600000 9.600000
11 1730474386 3.200000 7 3.200000 3.200000 3.200000
13 1730474386 2.800000 3 2.800000 2.800000 2.800000
11 1730474391 11.400000 17 11.400000 11.400000 11.400000
13 1730474391 8.400000 12 8.400000 8.400000 8.400000
11 1730474396 7.000000 11 7.000000 7.000000 7.000000
13 1730474396 11.800000 10 11.800000 11.800000 11.800000
11 1730474401 6.600000 10 6.600000 6.600000 6.600000
13 1730474401 1.600000 5 1.600000 1.600000 1.600000
11 1730474406 7.800000 15 7.800000 7.800000 7.800000
13 1730474406 14.000000 14 14.000000 14.000000 14.000000
11 1730474411 5.200000 9 5.200000 5.200000 5.200000
13 1730474411 6.000000 5 6.000000 6.000000 6.000000
11 1730474416 5.600000 12 5.600000 5.600000 5.600000
13 1730474416 3.200000 4 3.200000 3.200000 3.200000
11 1730474421 3.400000 9 3.400000 3.400000 3.400000
13 1730474421 3.800000 6 3.800000 3.800000 3.800000
11 1730474426 11.400000 17 11.400000 11.400000 11.400000
13 1730474426 9.000000 14 9.000000 9.000000 9.000000
11 1730474431 6.200000 11 6.200000 6.200000 6.200000
13 1730474431 9.200000 9 9.200000 9.200000 9.200000
11 1730474436 13.600000 20 13.600000 13.600000 13.600000
13 1730474436 14.000000 10 14.000000 14.000000 14.000000
11 1730474441 3.800000 6 3.800000 3.800000 3.800000
13 1730474441 8.000000 5 8.000000 8.000000 8.000000
11 1730474446 8.400000 14 8.400000 8.400000 8.400000
13 1730474446 3.800000 10 3.800000 3.800000 3.800000
11 1730474451 9.800000 15 9.800000 9.800000 9.800000
13 1730474451 8.800000 8 8.800000 8.800000 8.800000
11 1730474456 6.400000 10 6.400000 6.400000 6.400000
13 1730474456 3.800000 5 3.800000 3.800000 3.800000
11 1730474461 9.800000 14 9.800000 9.800000 9.800000
13 1730474461 6.800000 8 6.800000 6.800000 6.800000
11 1730474466 12.400000 16 12.400000 12.400000 12.400000
13 1730474466 10.200000 12 10.200000 10.200000 10.200000
11 1730474471 11.000000 17 11.000000 11.000000 11.000000
13 1730474471 9.200000 16 9.200000 9.200000 9.200000
11 1730474476 8.400000 14 8.400000 8.400000 8.400000
13 1730474476 14.200000 10 14.200000 14.200000 14.200000
11 1730474481 10.000000 13 10.000000 10.000000 10.000000
13 1730474481 8.400000 12 8.400000 8.400000 8.400000
11 1730474486 12.800000 22 12.800000 12.800000 12.800000
13 1730474486 12.800000 15 12.800000 12.800000 12.800000
11 1730474491 9.600000 18 9.600000 9.600000 9.600000
13 1730474491 14.000000 12 14.000000 14.000000 14.000000
11 1730474496 13.800000 19 13.800000 13.800000 13.800000
13 1730474496 12.000000 10 12.000000 12.000000 12.000000
11 1730474501 12.000000 18 12.000000 12.000000 12.000000
13 1730474501 12.200000 15 12.200000 12.200000 12.200000
11 1730474506 8.000000 12 8.000000 8.000000 8.000000
13 1730474506 8.200000 8 8.200000 8.200000 8.200000
11 1730474511 10.400000 16 10.400000 10.400000 10.400000
13 1730474511 7.600000 10 7.600000 7.600000 7.600000
11 1730474516 11.600000 18 11.600000 11.600000 11.600000
13 1730474516 7.800000 11 7.800000 7.800000 7.800000
11 1730474521 10.400000 16 10.400000 10.400000 10.400000
13 1730474521 18.600000 16 18.600000 18.600000 18.600000
11 1730474526 12.600000 17 12.600000 12.600000 12.600000
13 1730474526 9.000000 8 9.000000 9.000000 9.000000
11 1730474531 9.600000 16 9.600000 9.600000 9.600000
13 1730474531 9.400000 14 9.400000 9.400000 9.400000
11 1730474536 8.600000 14 8.600000 8.600000 8.600000
13 1730474536 8.800000 9 8.800000 8.800000 8.800000
11 1730474541 8.200000 15 8.200000 8.200000 8.200000
13 1730474541 12.800000 9 12.800000 12.800000 12.800000
11 1730474546 10.800000 16 10.800000 10.800000 10.800000
13 1730474546 9.800000 15 9.800000 9.800000 9.800000
11 1730474551 15.200000 22 15.200000 15.200000 15.200000
13 1730474551 19.200000 13 19.200000 19.200000 19.200000
11 1730474556 3.800000 7 3.800000 3.800000 3.800000
13 1730474556 5.600000 5 5.600000 5.600000 5.600000
11 1730474561 11.600000 16 11.600000 11.600000 11.600000
13 1730474561 4.400000 11 4.400000 4.400000 4.400000
11 1730474566 5.000000 11 5.000000 5.000000 5.000000
13 1730474566 3.200000 5 3.200000 3.200000 3.200000
11 1730474571 8.200000 13 8.200000 8.200000 8.200000
13 1730474571 6.600000 7 6.600000 6.600000 6.600000
11 1730474576 4.200000 9 4.200000 4.200000 4.200000
13 1730474576 2.000000 7 2.000000 2.000000 2.000000
11 1730474581 5.800000 10 5.800000 5.800000 5.800000
13 1730474581 8.600000 7 8.600000 8.600000 8.600000
11 1730474586 6.800000 13 6.800000 6.800000 6.800000
13 1730474586 6.400000 7 6.400000 6.400000 6.400000
11 1730474591 3.400000 8 3.400000 3.400000 3.400000
13 1730474591 6.000000 7 6.000000 6.000000 6.000000
11 1730474596 7.800000 13 7.800000 7.800000 7.800000
13 1730474596 5.600000 4 5.600000 5.600000 5.600000
11 1730474601 7.400000 10 7.400000 7.400000 7.400000
13 1730474601 7.800000 9 7.800000 7.800000 7.800000
11 1730474606 5.200000 9 5.200000 5.200000 5.200000
13 1730474606 10.600000 8 10.600000 10.600000 10.600000
11 1730474611 4.200000 9 4.200000 4.200000 4.200000
13 1730474611 1.400000 3 1.400000 1.400000 1.400000
11 1730474616 8.200000 13 8.200000 8.200000 8.200000
13 1730474616 3.400000 8 3.400000 3.400000 3.400000
11 1730474621 7.800000 14 7.800000 7.800000 7.800000
13 1730474621 11.400000 10 11.400000 11.400000 11.400000
11 1730474626 9.400000 15 9.400000 9.400000 9.400000
13 1730474626 10.600000 9 10.600000 10.600000 10.600000
11 1730474631 4.400000 12 4.400000 4.400000 4.400000
13 1730474631 7.200000 8 7.200000 7.200000 7.200000
11 1730474636 4.800000 9 4.800000 4.800000 4.800000
13 1730474636 10.000000 5 10.000000 10.000000 10.000000
11 1730474641 2.000000 4 2.000000 2.000000 2.000000
13 1730474641 2.000000 1 2.000000 2.000000 2.000000
11 1730474646 9.000000 13 9.000000 9.000000 9.000000
13 1730474646 2.400000 6 2.400000 2.400000 2.400000
11 1730474651 7.200000 10 7.200000 7.200000 7.200000
13 1730474651 8.800000 12 8.800000 8.800000 8.800000
11 1730474656 10.400000 15 10.400000 10.400000 10.400000
13 1730474656 5.600000 4 5.600000 5.600000 5.600000
11 1730474661 3.800000 7 3.800000 3.800000 3.800000
13 1730474661 2.200000 7 2.200000 2.200000 2.200000
11 1730474666 9.200000 15 9.200000 9.200000 9.200000
13 1730474666 4.800000 8 4.800000 4.800000 4.800000
11 1730474671 11.200000 18 11.200000 11.200000 11.200000
13 1730474671 16.200000 16 16.200000 16.200000 16.200000
11 1730474676 8.000000 13 8.000000 8.000000 8.000000
13 1730474676 14.800000 11 14.800000 14.800000 14.800000
11 1730474681 8.000000 12 8.000000 8.000000 8.000000
13 1730474681 5.600000 5 5.600000 5.600000 5.600000
11 1730474686 9.400000 14 9.400000 9.400000 9.400000
13 1730474686 8.200000 10 8.200000 8.200000 8.200000
11 1730474691 8.800000 13 8.800000 8.800000 8.800000
13 1730474691 9.200000 13 9.200000 9.200000 9.200000
11 1730474696 8.600000 14 8.600000 8.600000 8.600000
13 1730474696 5.800000 6 5.800000 5.800000 5.800000
11 1730474701 5.200000 9 5.200000 5.200000 5.200000
13 1730474701 5.200000 3 5.200000 5.200000 5.200000
11 1730474706 2.200000 5 2.200000 2.200000 2.200000
13 1730474706 1.000000 2 1.000000 1.000000 1.000000
11 1730474711 8.600000 13 8.600000 8.600000 8.600000
13 1730474711 8.200000 10 8.200000 8.200000 8.200000
11 1730474716 9.400000 15 9.400000 9.400000 9.400000
13 1730474716 12.000000 11 12.000000 12.000000 12.000000
11 1730474721 4.200000 10 4.200000 4.200000 4.200000
13 1730474721 5.800000 6 5.800000 5.800000 5.800000
11 1730474726 9.800000 15 9.800000 9.800000 9.800000
13 1730474726 9.200000 9 9.200000 9.200000 9.200000
11 1730474731 7.000000 12 7.000000 7.000000 7.000000
13 1730474731 8.600000 11 8.600000 8.600000 8.600000
11 1730474736 7.400000 13 7.400000 7.400000 7.400000
13 1730474736 7.800000 6 7.800000 7.800000 7.800000
11 1730474741 3.800000 8 3.800000 3.800000 3.800000
13 1730474741 0.400000 1 0.400000 0.400000 0.400000
11 1730474746 5.000000 13 5.000000 5.000000 5.000000
13 1730474746 2.400000 6 2.400000 2.400000 2.400000
11 1730474751 10.800000 18 10.800000 10.800000 10.800000
13 1730474751 12.000000 9 12.000000 12.000000 12.000000
11 1730474756 2.400000 5 2.400000 2.400000 2.400000
13 1730474756 6.400000 9 6.400000 6.400000 6.400000
11 1730474761 8.800000 14 8.800000 8.800000 8.800000
13 1730474761 8.000000 7 8.000000 8.000000 8.000000
11 1730474766 8.200000 12 8.200000 8.200000 8.200000
13 1730474766 10.200000 11 10.200000 10.200000 10.200000
11 1730474771 11.400000 15 11.400000 11.400000 11.400000
13 1730474771 10.200000 8 10.200000 10.200000 10.200000
11 1730474776 9.000000 12 9.000000 9.000000 9.000000
13 1730474776 7.400000 9 7.400000 7.400000 7.400000
11 1730474781 8.400000 12 8.400000 8.400000 8.400000
13 1730474781 8.600000 12 8.600000 8.600000 8.600000
11 1730474786 16.600000 20 16.600000 16.600000 16.600000
13 1730474786 17.200000 16 17.200000 17.200000 17.200000
11 1730474791 5.600000 10 5.600000 5.600000 5.600000
13 1730474791 7.800000 6 7.800000 7.800000 7.800000
11 1730474796 2.000000 6 2.000000 2.000000 2.000000
13 1730474796 0.800000 4 0.800000 0.800000 0.800000
11 1730474801 3.400000 8 3.400000 3.400000 3.400000
13 1730474801 7.000000 6 7.000000 7.000000 7.000000
11 1730474806 7.200000 9 7.200000 7.200000 7.200000
13 1730474806 5.200000 3 5.200000 5.200000 5.200000
11 1730474811 19.200000 20 19.200000 19.200000 19.200000
13 1730474811 9.200000 15 9.200000 9.200000 9.200000
11 1730474816 19.000000 24 19.000000 19.000000 19.000000
13 1730474816 28.400000 25 28.400000 28.400000 28.400000
11 1730474821 20.800000 27 20.800000 20.800000 20.800000
13 1730474821 23.000000 19 23.000000 23.000000 23.000000
11 1730474826 13.800000 19 13.800000 13.800000 13.800000
13 1730474826 10.600000 12 10.600000 10.600000 10.600000
11 1730474831 13.600000 20 13.600000 13.600000 13.600000
13 1730474831 13.800000 10 13.800000 13.800000 13.800000
11 1730474836 14.400000 22 14.400000 14.400000 14.400000
13 1730474836 12.000000 15 12.000000 12.000000 12.000000
11 1730474841 24.400000 28 24.400000 24.400000 24.400000
13 1730474841 24.400000 21 24.400000 24.400000 24.400000
11 1730474846 15.600000 22 15.600000 15.600000 15.600000
13 1730474846 21.200000 18 21.200000 21.200000 21.200000
11 1730474851 14.000000 19 14.000000 14.000000 14.000000
13 1730474851 11.200000 14 11.200000 11.200000 11.200000
11 1730474856 6.400000 18 6.400000 6.400000 6.400000
13 1730474856 11.000000 9 11.000000 11.000000 11.000000
11 1730474861 1.200000 6 1.200000 1.200000 1.200000
13 1730474861 0.400000 2 0.400000 0.400000 0.400000
11 1730474866 9.000000 19 9.000000 9.000000 9.000000
13 1730474866 7.400000 8 7.400000 7.400000 7.400000
11 1730474871 14.200000 20 14.200000 14.200000 14.200000
13 1730474871 15.200000 13 15.200000 15.200000 15.200000
11 1730474876 18.800000 25 18.800000 18.800000 18.800000
13 1730474876 18.800000 17 18.800000 18.800000 18.800000
11 1730474881 9.400000 14 9.400000 9.400000 9.400000
13 1730474881 14.800000 12 14.800000 14.800000 14.800000
11 1730474886 6.200000 13 6.200000 6.200000 6.200000
13 1730474886 2.400000 6 2.400000 2.400000 2.400000
11 1730474891 7.200000 12 7.200000 7.200000 7.200000
13 1730474891 5.200000 3 5.200000 5.200000 5.200000
11 1730474896 18.000000 26 18.000000 18.000000 18.000000
13 1730474896 6.000000 15 6.000000 6.000000 6.000000
11 1730474901 21.000000 29 21.000000 21.000000 21.000000
13 1730474901 28.800000 22 28.800000 28.800000 28.800000
11 1730474906 15.000000 22 15.000000 15.000000 15.000000
13 1730474906 19.600000 14 19.600000 19.600000 19.600000
11 1730474911 15.200000 22 15.200000 15.200000 15.200000
13 1730474911 18.800000 17 18.800000 18.800000 18.800000
11 1730474916 19.000000 22 19.000000 19.000000 19.000000
13 1730474916 14.800000 17 14.800000 14.800000 14.800000
11 1730474921 24.400000 30 24.400000 24.400000 24.400000
13 1730474921 14.000000 20 14.000000 14.000000 14.000000
11 1730474926 22.800000 30 22.800000 22.800000 22.800000
13 1730474926 29.200000 23 29.200000 29.200000 29.200000
11 1730474931 22.200000 28 22.200000 22.200000 22.200000
13 1730474931 22.800000 17 22.800000 22.800000 22.800000
11 1730474936 25.000000 28 25.000000 25.000000 25.000000
13 1730474936 23.200000 23 23.200000 23.200000 23.200000
11 1730474941 31.400000 37 31.400000 31.400000 31.400000
13 1730474941 21.200000 28 21.200000 21.200000 21.200000
11 1730474946 22.200000 30 22.200000 22.200000 22.200000
13 1730474946 33.200000 28 33.200000 33.200000 33.200000
11 1730474951 29.600000 36 29.600000 29.600000 29.600000
13 1730474951 30.800000 22 30.800000 30.800000 30.800000
11 1730474956 29.600000 30 29.600000 29.600000 29.600000
13 1730474956 26.000000 30 26.000000 26.000000 26.000000
11 1730474961 33.400000 36 33.400000 33.400000 33.400000
13 1730474961 28.800000 32 28.800000 28.800000 28.800000
11 1730474966 24.600000 33 24.600000 24.600000 24.600000
13 1730474966 38.000000 25 38.000000 38.000000 38.000000
11 1730474971 24.000000 24 24.000000 24.000000 24.000000
13 1730474971 21.600000 19 21.600000 21.600000 21.600000
11 1730474976 32.000000 35 32.000000 32.000000 32.000000
13 1730474976 17.200000 28 17.200000 17.200000 17.200000
11 1730474981 27.600000 34 27.600000 27.600000 27.600000
13 1730474981 37.200000 28 37.200000 37.200000 37.200000
11 1730474986 33.200000 30 33.200000 33.200000 33.200000
13 1730474986 28.800000 27 28.800000 28.800000 28.800000
11 1730474991 19.800000 30 19.800000 19.800000 19.800000
13 1730474991 27.600000 29 27.600000 27.600000 27.600000
11 1730474996 32.400000 39 32.400000 32.400000 32.400000
13 1730474996 26.400000 26 26.400000 26.400000 26.400000
11 1730475001 23.600000 29 23.600000 23.600000 23.600000
13 1730475001 34.800000 22 34.800000 34.800000 34.800000
11 1730475006 19.200000 24 19.200000 19.200000 19.200000
13 1730475006 13.200000 18 13.200000 13.200000 13.200000
11 1730475011 31.200000 37 31.200000 31.200000 31.200000
13 1730475011 22.000000 25 22.000000 22.000000 22.000000
11 1730475016 27.000000 34 27.000000 27.000000 27.000000
13 1730475016 28.800000 27 28.800000 28.800000 28.800000
11 1730475021 27.000000 34 27.000000 27.000000 27.000000
13 1730475021 36.000000 30 36.000000 36.000000 36.000000
11 1730475026 35.600000 39 35.600000 35.600000 35.600000
13 1730475026 26.000000 30 26.000000 26.000000 26.000000
11 1730475031 26.000000 36 26.000000 26.000000 26.000000
13 1730475031 30.000000 25 30.000000 30.000000 30.000000
11 1730475036 23.200000 29 23.200000 23.200000 23.200000
13 1730475036 30.400000 21 30.400000 30.400000 30.400000
11 1730475041 35.200000 31 35.200000 35.200000 35.200000
13 1730475041 20.400000 26 20.400000 20.400000 20.400000
11 1730475046 25.000000 33 25.000000 25.000000 25.000000
13 1730475046 24.000000 30 24.000000 24.000000 24.000000
11 1730475051 30.600000 32 30.600000 30.600000 30.600000
13 1730475051 44.000000 30 44.000000 44.000000 44.000000
11 1730475056 32.400000 33 32.400000 32.400000 32.400000
13 1730475056 23.200000 23 23.200000 23.200000 23.200000
11 1730475061 23.400000 28 23.400000 23.400000 23.400000
13 1730475061 25.200000 28 25.200000 25.200000 25.200000
11 1730475066 19.400000 29 19.400000 19.400000 19.400000
13 1730475066 21.200000 18 21.200000 21.200000 21.200000
11 1730475071 17.200000 25 17.200000 17.200000 17.200000
13 1730475071 26.400000 21 26.400000 26.400000 26.400000
11 1730475076 18.200000 21 18.200000 18.200000 18.200000
13 1730475076 21.200000 18 21.200000 21.200000 21.200000
11 1730475081 26.200000 30 26.200000 26.200000 26.200000
13 1730475081 16.000000 20 16.000000 16.000000 16.000000
11 1730475086 25.600000 33 25.600000 25.600000 25.600000
13 1730475086 18.800000 22 18.800000 18.800000 18.800000
11 1730475091 26.600000 33 26.600000 26.600000 26.600000
13 1730475091 35.200000 28 35.200000 35.200000 35.200000
11 1730475096 26.200000 32 26.200000 26.200000 26.200000
13 1730475096 27.200000 23 27.200000 27.200000 27.200000
11 1730475101 37.000000 37 37.000000 37.000000 37.000000
13 1730475101 24.800000 26 24.800000 24.800000 24.800000
11 1730475106 27.400000 29 27.400000 27.400000 27.400000
13 1730475106 33.600000 34 33.600000 33.600000 33.600000
11 1730475111 25.600000 31 25.600000 25.600000 25.600000
13 1730475111 32.000000 25 32.000000 32.000000 32.000000
11 1730475116 30.800000 32 30.800000 30.800000 30.800000
13 1730475116 28.800000 27 28.800000 28.800000 28.800000
11 1730475121 22.800000 30 22.800000 22.800000 22.800000
13 1730475121 22.400000 21 22.400000 22.400000 22.400000
11 1730475126 23.800000 30 23.800000 23.800000 23.800000
13 1730475126 23.200000 23 23.200000 23.200000 23.200000
11 1730475131 22.800000 30 22.800000 22.800000 22.800000
13 1730475131 25.600000 24 25.600000 25.600000 25.600000
11 1730475136 16.200000 22 16.200000 16.200000 16.200000
13 1730475136 16.800000 12 16.800000 16.800000 16.800000
11 1730475141 13.200000 22 13.200000 13.200000 13.200000
13 1730475141 12.400000 16 12.400000 12.400000 12.400000
11 1730475146 27.600000 27 27.600000 27.600000 27.600000
13 1730475146 18.000000 15 18.000000 18.000000 18.000000
11 1730475151 15.600000 24 15.600000 15.600000 15.600000
13 1730475151 23.600000 24 23.600000 23.600000 23.600000
11 1730475156 26.600000 35 26.600000 26.600000 26.600000
13 1730475156 24.800000 22 24.800000 24.800000 24.800000
11 1730475161 26.000000 33 26.000000 26.000000 26.000000
13 1730475161 24.400000 21 24.400000 24.400000 24.400000
11 1730475166 30.200000 29 30.200000 30.200000 30.200000
13 1730475166 24.000000 25 24.000000 24.000000 24.000000
11 1730475171 24.400000 28 24.400000 24.400000 24.400000
13 1730475171 30.400000 31 30.400000 30.400000 30.400000
11 1730475176 28.800000 37 28.800000 28.800000 28.800000
13 1730475176 32.000000 30 32.000000 32.000000 32.000000
11 1730475181 28.400000 35 28.400000 28.400000 28.400000
13 1730475181 32.000000 25 32.000000 32.000000 32.000000
11 1730475186 32.000000 32 32.000000 32.000000 32.000000
13 1730475186 25.600000 29 25.600000 25.600000 25.600000
11 1730475191 33.800000 35 33.800000 33.800000 33.800000
13 1730475191 29.600000 29 29.600000 29.600000 29.600000
11 1730475196 22.800000 29 22.800000 22.800000 22.800000
13 1730475196 34.400000 26 34.400000 34.400000 34.400000
11 1730475201 29.200000 32 29.200000 29.200000 29.200000
13 1730475201 21.200000 23 21.200000 21.200000 21.200000
11 1730475206 28.800000 33 28.800000 28.800000 28.800000
13 1730475206 28.400000 26 28.400000 28.400000 28.400000
11 1730475211 23.000000 31 23.000000 23.000000 23.000000
13 1730475211 26.000000 25 26.000000 26.000000 26.000000
11 1730475216 27.000000 35 27.000000 27.000000 27.000000
13 1730475216 28.400000 26 28.400000 28.400000 28.400000
11 1730475221 34.200000 38 34.200000 34.200000 34.200000
13 1730475221 30.400000 31 30.400000 30.400000 30.400000
11 1730475226 31.400000 34 31.400000 31.400000 31.400000
13 1730475226 31.600000 29 31.600000 31.600000 31.600000
11 1730475231 23.200000 29 23.200000 23.200000 23.200000
13 1730475231 29.600000 24 29.600000 29.600000 29.600000
11 1730475236 21.400000 28 21.400000 21.400000 21.400000
13 1730475236 22.800000 22 22.800000 22.800000 22.800000
11 1730475241 30.800000 37 30.800000 30.800000 30.800000
13 1730475241 18.400000 21 18.400000 18.400000 18.400000
11 1730475246 23.600000 31 23.600000 23.600000 23.600000
13 1730475246 30.400000 26 30.400000 30.400000 30.400000
11 1730475251 29.600000 33 29.600000 29.600000 29.600000
13 1730475251 28.000000 25 28.000000 28.000000 28.000000
11 1730475256 25.800000 34 25.800000 25.800000 25.800000
13 1730475256 24.000000 25 24.000000 24.000000 24.000000
11 1730475261 29.600000 35 29.600000 29.600000 29.600000
13 1730475261 29.600000 29 29.600000 29.600000 29.600000
11 1730475266 27.800000 37 27.800000 27.800000 27.800000
13 1730475266 28.000000 25 28.000000 28.000000 28.000000
11 1730475271 25.600000 33 25.600000 25.600000 25.600000
13 1730475271 32.400000 26 32.400000 32.400000 32.400000
11 1730475276 28.600000 33 28.600000 28.600000 28.600000
13 1730475276 18.400000 21 18.400000 18.400000 18.400000
11 1730475281 18.800000 28 18.800000 18.800000 18.800000
13 1730475281 24.000000 25 24.000000 24.000000 24.000000
11 1730475286 24.400000 31 24.400000 24.400000 24.400000
13 1730475286 31.600000 24 31.600000 31.600000 31.600000
11 1730475291 32.000000 36 32.000000 32.000000 32.000000
13 1730475291 28.000000 30 28.000000 28.000000 28.000000
11 1730475296 27.000000 32 27.000000 27.000000 27.000000
13 1730475296 27.000000 23 27.000000 27.000000 27.000000
11 1730475301 27.400000 32 27.400000 27.400000 27.400000
13 1730475301 28.800000 27 28.800000 28.800000 28.800000
11 1730475306 26.600000 28 26.600000 26.600000 26.600000
13 1730475306 24.800000 22 24.800000 24.800000 24.800000
11 1730475311 32.600000 30 32.600000 32.600000 32.600000
13 1730475311 24.400000 31 24.400000 24.400000 24.400000
11 1730475316 32.800000 31 32.800000 32.800000 32.800000
13 1730475316 40.400000 31 40.400000 40.400000 40.400000
11 1730475321 23.000000 23 23.000000 23.000000 23.000000
13 1730475321 23.200000 23 23.200000 23.200000 23.200000
11 1730475326 30.600000 32 30.600000 30.600000 30.600000
13 1730475326 29.200000 28 29.200000 29.200000 29.200000
11 1730475331 29.600000 33 29.600000 29.600000 29.600000
13 1730475331 24.000000 25 24.000000 24.000000 24.000000
11 1730475336 24.600000 33 24.600000 24.600000 24.600000
13 1730475336 35.200000 28 35.200000 35.200000 35.200000
11 1730475341 24.400000 30 24.400000 24.400000 24.400000
13 1730475341 19.200000 18 19.200000 19.200000 19.200000
11 1730475346 22.200000 26 22.200000 22.200000 22.200000
13 1730475346 18.400000 21 18.400000 18.400000 18.400000
11 1730475351 29.200000 33 29.200000 29.200000 29.200000
13 1730475351 28.400000 26 28.400000 28.400000 28.400000
11 1730475356 27.800000 36 27.800000 27.800000 27.800000
13 1730475356 32.000000 30 32.000000 32.000000 32.000000
11 1730475361 22.400000 30 22.400000 22.400000 22.400000
13 1730475361 26.800000 22 26.800000 26.800000 26.800000
11 1730475366 24.800000 32 24.800000 24.800000 24.800000
13 1730475366 26.400000 26 26.400000 26.400000 26.400000
11 1730475371 19.800000 26 19.800000 19.800000 19.800000
13 1730475371 17.200000 18 17.200000 17.200000 17.200000
11 1730475376 21.400000 28 21.400000 21.400000 21.400000
13 1730475376 23.200000 18 23.200000 23.200000 23.200000
11 1730475381 15.400000 20 15.400000 15.400000 15.400000
13 1730475381 16.000000 15 16.000000 16.000000 16.000000
11 1730475386 19.600000 24 19.600000 19.600000 19.600000
13 1730475386 16.400000 16 16.400000 16.400000 16.400000
11 1730475391 18.400000 23 18.400000 18.400000 18.400000
13 1730475391 20.000000 20 20.000000 20.000000 20.000000
11 1730475396 26.800000 32 26.800000 26.800000 26.800000
13 1730475396 23.600000 24 23.600000 23.600000 23.600000
11 1730475401 23.800000 30 23.800000 23.800000 23.800000
13 1730475401 27.600000 24 27.600000 27.600000 27.600000
11 1730475406 21.000000 27 21.000000 21.000000 21.000000
13 1730475406 22.800000 17 22.800000 22.800000 22.800000
11 1730475411 16.400000 21 16.400000 16.400000 16.400000
13 1730475411 11.600000 14 11.600000 11.600000 11.600000
11 1730475416 19.600000 26 19.600000 19.600000 19.600000
13 1730475416 16.800000 17 16.800000 16.800000 16.800000
11 1730475421 17.800000 22 17.800000 17.800000 17.800000
13 1730475421 22.800000 22 22.800000 22.800000 22.800000
11 1730475426 26.600000 34 26.600000 26.600000 26.600000
13 1730475426 24.400000 21 24.400000 24.400000 24.400000
11 1730475431 21.400000 27 21.400000 21.400000 21.400000
13 1730475431 26.400000 26 26.400000 26.400000 26.400000
11 1730475436 20.000000 25 20.000000 20.000000 20.000000
13 1730475436 15.600000 14 15.600000 15.600000 15.600000
11 1730475441 20.800000 25 20.800000 20.800000 20.800000
13 1730475441 20.400000 21 20.400000 20.400000 20.400000
11 1730475446 23.800000 30 23.800000 23.800000 23.800000
13 1730475446 24.400000 21 24.400000 24.400000 24.400000
11 1730475451 28.000000 34 28.000000 28.000000 28.000000
13 1730475451 20.800000 22 20.800000 20.800000 20.800000
11 1730475456 22.000000 26 22.000000 22.000000 22.000000
13 1730475456 29.600000 24 29.600000 29.600000 29.600000
11 1730475461 22.800000 30 22.800000 22.800000 22.800000
13 1730475461 23.600000 24 23.600000 23.600000 23.600000
11 1730475466 25.600000 32 25.600000 25.600000 25.600000
13 1730475466 23.200000 23 23.200000 23.200000 23.200000
11 1730475471 24.400000 31 24.400000 24.400000 24.400000
13 1730475471 22.000000 20 22.000000 22.000000 22.000000
11 1730475476 25.400000 31 25.400000 25.400000 25.400000
13 1730475476 28.800000 27 28.800000 28.800000 28.800000
11 1730475481 27.400000 34 27.400000 27.400000 27.400000
13 1730475481 23.600000 24 23.600000 23.600000 23.600000
11 1730475486 24.800000 30 24.800000 24.800000 24.800000
13 1730475486 33.200000 28 33.200000 33.200000 33.200000
11 1730475491 24.400000 31 24.400000 24.400000 24.400000
13 1730475491 20.400000 21 20.400000 20.400000 20.400000
11 1730475496 22.800000 30 22.800000 22.800000 22.800000
13 1730475496 20.800000 17 20.800000 20.800000 20.800000
11 1730475501 18.400000 23 18.400000 18.400000 18.400000
13 1730475501 17.600000 19 17.600000 17.600000 17.600000
11 1730475506 24.200000 30 24.200000 24.200000 24.200000
13 1730475506 24.800000 22 24.800000 24.800000 24.800000
11 1730475511 26.400000 30 26.400000 26.400000 26.400000
13 1730475511 28.000000 25 28.000000 28.000000 28.000000
11 1730475516 26.000000 33 26.000000 26.000000 26.000000
13 1730475516 21.600000 24 21.600000 21.600000 21.600000
11 1730475521 26.000000 31 26.000000 26.000000 26.000000
13 1730475521 27.600000 24 27.600000 27.600000 27.600000
11 1730475526 30.800000 37 30.800000 30.800000 30.800000
13 1730475526 29.600000 29 29.600000 29.600000 29.600000
11 1730475531 25.600000 34 25.600000 25.600000 25.600000
13 1730475531 26.400000 26 26.400000 26.400000 26.400000
11 1730475536 26.600000 34 26.600000 26.600000 26.600000
13 1730475536 30.800000 27 30.800000 30.800000 30.800000
11 1730475541 26.400000 35 26.400000 26.400000 26.400000
13 1730475541 27.600000 24 27.600000 27.600000 27.600000
11 1730475546 24.400000 30 24.400000 24.400000 24.400000
13 1730475546 24.400000 21 24.400000 24.400000 24.400000
11 1730475551 26.400000 34 26.400000 26.400000 26.400000
13 1730475551 22.400000 26 22.400000 22.400000 22.400000
11 1730475556 26.000000 31 26.000000 26.000000 26.000000
13 1730475556 24.400000 21 24.400000 24.400000 24.400000
11 1730475561 21.000000 27 21.000000 21.000000 21.000000
13 1730475561 24.400000 21 24.400000 24.400000 24.400000
11 1730475566 22.000000 28 22.000000 22.000000 22.000000
13 1730475566 22.800000 22 22.800000 22.800000 22.800000
11 1730475571 22.600000 29 22.600000 22.600000 22.600000
13 1730475571 23.600000 24 23.600000 23.600000 23.600000
11 1730475576 30.400000 37 30.400000 30.400000 30.400000
13 1730475576 28.400000 26 28.400000 28.400000 28.400000
11 1730475581 27.000000 31 27.000000 27.000000 27.000000
13 1730475581 27.200000 23 27.200000 27.200000 27.200000
11 1730475586 26.400000 33 26.400000 26.400000 26.400000
13 1730475586 24.000000 25 24.000000 24.000000 24.000000
11 1730475591 22.600000 29 22.600000 22.600000 22.600000
13 1730475591 20.400000 21 20.400000 20.400000 20.400000
11 1730475596 23.800000 32 23.800000 23.800000 23.800000
13 1730475596 28.000000 25 28.000000 28.000000 28.000000
11 1730475601 29.200000 35 29.200000 29.200000 29.200000
13 1730475601 31.200000 28 31.200000 31.200000 31.200000
11 1730475606 25.600000 32 25.600000 25.600000 25.600000
13 1730475606 19.200000 18 19.200000 19.200000 19.200000
11 1730475611 20.200000 26 20.200000 20.200000 20.200000
13 1730475611 21.200000 23 21.200000 21.200000 21.200000
11 1730475616 25.000000 32 25.000000 25.000000 25.000000
13 1730475616 32.000000 25 32.000000 32.000000 32.000000
11 1730475621 29.800000 35 29.800000 29.800000 29.800000
13 1730475621 24.800000 27 24.800000 24.800000 24.800000
11 1730475626 22.800000 29 22.800000 22.800000 22.800000
13 1730475626 30.000000 23 30.000000 30.000000 30.000000
11 1730475631 23.800000 28 23.800000 23.800000 23.800000
13 1730475631 25.200000 22 25.200000 25.200000 25.200000
11 1730475636 29.800000 34 29.800000 29.800000 29.800000
13 1730475636 31.600000 25 31.600000 31.600000 31.600000
11 1730475641 32.800000 27 32.800000 32.800000 32.800000
13 1730475641 34.800000 27 34.800000 34.800000 34.800000
11 1730475646 26.600000 22 26.600000 26.600000 26.600000
13 1730475646 41.800000 23 41.800000 41.800000 41.800000
11 1730475651 21.200000 13 21.200000 21.200000 21.200000
11 1730475656 10.500000 3 10.500000 10.500000 10.500000
13 1730475651 35.000000 15 35.000000 35.000000 35.000000
13 1730475656 21.000000 3 21.000000 21.000000 21.000000
